#OTU ID	Control_1	Control_2	Control_3	NEFO_1	NEFO_2	NEFO_3	NEFO_RS_1	NEFO_RS_2	NEFO_RS_3	NEO_1	NEO_2	NEO_3
OTU1	52.0	72.0	29.0	20.0	9.0	10.0	1.0	4.0	8.0	41.0	1.0	1.0
OTU10	10.0	1.0	8.0	2.0	6.0	1.0	2.0	9.0	3.0	0.0	1.0	0.0
OTU100	9.0	3.0	0.0	2.0	0.0	0.0	3.0	0.0	0.0	10.0	0.0	1.0
OTU1000	0.0	10.0	0.0	2.0	43.0	0.0	1.0	0.0	0.0	0.0	0.0	1.0
OTU1001	6.0	8.0	4.0	5.0	2.0	1.0	3.0	25.0	23.0	18.0	5.0	0.0
OTU1002	0.0	0.0	0.0	0.0	2.0	0.0	0.0	0.0	0.0	0.0	0.0	1.0
OTU1003	1.0	0.0	0.0	0.0	0.0	0.0	0.0	0.0	0.0	0.0	0.0	2.0
OTU1004	11.0	10.0	2.0	19.0	2.0	59.0	25.0	4.0	0.0	24.0	0.0	111.0
OTU1005	0.0	0.0	0.0	0.0	0.0	0.0	1.0	0.0	0.0	0.0	0.0	5.0
OTU1006	3.0	5.0	11.0	4.0	0.0	13.0	5.0	5.0	1.0	3.0	1.0	17.0
OTU1007	1.0	0.0	2.0	0.0	1.0	0.0	0.0	0.0	0.0	0.0	0.0	2.0
OTU1008	0.0	1.0	1.0	0.0	0.0	0.0	1.0	0.0	0.0	0.0	0.0	2.0
OTU1009	30.0	3.0	12.0	5.0	8.0	3.0	3.0	0.0	2.0	5.0	3.0	0.0
OTU101	1.0	2.0	0.0	0.0	0.0	0.0	0.0	0.0	0.0	0.0	0.0	0.0
OTU1010	2.0	0.0	0.0	0.0	0.0	0.0	0.0	0.0	0.0	0.0	0.0	0.0
OTU1011	1.0	1.0	5.0	0.0	0.0	0.0	0.0	0.0	0.0	0.0	3.0	0.0
OTU1012	1.0	0.0	4.0	0.0	0.0	0.0	0.0	0.0	0.0	0.0	0.0	2.0
OTU1013	4.0	4.0	3.0	3.0	1.0	0.0	0.0	3.0	2.0	3.0	3.0	3.0
OTU1014	29.0	5.0	7.0	11.0	11.0	3.0	5.0	5.0	7.0	2.0	0.0	0.0
OTU1015	9.0	4.0	11.0	5.0	7.0	0.0	4.0	16.0	2.0	4.0	1.0	6.0
OTU1016	0.0	1.0	0.0	1.0	1.0	19.0	0.0	0.0	1.0	2.0	0.0	0.0
OTU1017	0.0	0.0	3.0	1.0	0.0	2.0	1.0	1.0	0.0	2.0	0.0	72.0
OTU1018	67.0	40.0	5.0	4.0	11.0	0.0	0.0	0.0	10.0	0.0	9.0	0.0
OTU1019	2.0	1.0	2.0	1.0	10.0	0.0	0.0	1.0	9.0	0.0	0.0	6.0
OTU102	2.0	1.0	0.0	1.0	0.0	0.0	0.0	0.0	2.0	0.0	0.0	0.0
OTU1020	6.0	2.0	4.0	0.0	2.0	0.0	0.0	4.0	4.0	0.0	0.0	0.0
OTU1021	0.0	0.0	4.0	0.0	3.0	0.0	0.0	0.0	0.0	0.0	0.0	0.0
OTU1022	0.0	0.0	1.0	1.0	0.0	1.0	0.0	2.0	0.0	0.0	0.0	9.0
OTU1023	4.0	3.0	0.0	0.0	0.0	0.0	2.0	8.0	0.0	0.0	0.0	1.0
OTU1024	0.0	0.0	1.0	0.0	0.0	2.0	110.0	0.0	0.0	1.0	0.0	0.0
OTU1025	6.0	4.0	0.0	8.0	1.0	3.0	8.0	14.0	0.0	7.0	0.0	5.0
OTU1026	0.0	0.0	0.0	0.0	0.0	0.0	216.0	5.0	1.0	0.0	0.0	0.0
OTU1027	0.0	0.0	0.0	0.0	0.0	0.0	1.0	1.0	0.0	0.0	0.0	3.0
OTU1028	14.0	148.0	4.0	13.0	6.0	105.0	96.0	21.0	12.0	47.0	6.0	140.0
OTU1029	10.0	0.0	0.0	0.0	2.0	0.0	3.0	12.0	1.0	5.0	1.0	1.0
OTU103	0.0	0.0	1.0	0.0	1.0	2.0	2.0	1.0	0.0	1.0	0.0	0.0
OTU1030	22.0	97.0	15.0	6.0	4.0	112.0	55.0	33.0	13.0	24.0	5.0	18.0
OTU1031	0.0	4.0	4.0	1.0	0.0	5.0	3.0	0.0	2.0	0.0	0.0	20.0
OTU1032	0.0	0.0	0.0	1.0	2.0	2.0	0.0	1.0	0.0	0.0	0.0	3.0
OTU1033	17.0	12.0	2.0	1.0	26.0	0.0	0.0	0.0	72.0	0.0	2.0	0.0
OTU1034	4.0	1.0	3.0	6.0	1.0	6.0	1.0	0.0	1.0	10.0	8.0	0.0
OTU1035	0.0	0.0	0.0	0.0	0.0	0.0	0.0	7.0	0.0	0.0	0.0	0.0
OTU1036	0.0	0.0	0.0	0.0	0.0	0.0	6.0	0.0	0.0	0.0	0.0	0.0
OTU1037	0.0	7.0	0.0	0.0	0.0	0.0	17.0	0.0	0.0	0.0	1.0	0.0
OTU1038	0.0	0.0	0.0	0.0	0.0	0.0	1.0	0.0	0.0	1.0	0.0	0.0
OTU1039	1.0	0.0	11.0	2.0	1.0	5.0	1.0	0.0	0.0	0.0	0.0	0.0
OTU104	2.0	2.0	1.0	1.0	3.0	2.0	1.0	1.0	3.0	2.0	2.0	1.0
OTU1040	12.0	57.0	0.0	12.0	1.0	38.0	45.0	67.0	53.0	47.0	6.0	35.0
OTU1041	10.0	2.0	2.0	4.0	5.0	1.0	1.0	0.0	0.0	0.0	2.0	0.0
OTU1042	0.0	0.0	0.0	0.0	0.0	1.0	1.0	0.0	0.0	0.0	0.0	0.0
OTU1043	0.0	0.0	0.0	0.0	0.0	0.0	1.0	0.0	0.0	0.0	0.0	2.0
OTU1044	1.0	1.0	7.0	5.0	1.0	4.0	3.0	0.0	0.0	0.0	0.0	0.0
OTU1045	4.0	2.0	0.0	0.0	1.0	1.0	1.0	0.0	1.0	0.0	0.0	0.0
OTU1046	0.0	1.0	1.0	6.0	0.0	10.0	4.0	1.0	0.0	3.0	0.0	16.0
OTU1047	2.0	0.0	2.0	0.0	0.0	2.0	0.0	1.0	0.0	0.0	0.0	0.0
OTU1048	0.0	1.0	1.0	21.0	97.0	42.0	0.0	0.0	0.0	2.0	0.0	0.0
OTU1049	0.0	1.0	0.0	0.0	0.0	0.0	0.0	0.0	0.0	0.0	0.0	5.0
OTU105	0.0	0.0	0.0	0.0	1.0	0.0	0.0	0.0	0.0	0.0	0.0	5.0
OTU1050	11.0	3.0	30.0	0.0	0.0	6.0	0.0	0.0	0.0	0.0	0.0	0.0
OTU1051	0.0	0.0	2.0	1.0	51.0	2.0	0.0	1.0	0.0	0.0	0.0	16.0
OTU1052	0.0	0.0	3.0	0.0	4.0	0.0	4.0	0.0	0.0	3.0	0.0	2.0
OTU1053	15.0	0.0	0.0	15.0	13.0	0.0	2.0	0.0	0.0	0.0	0.0	33.0
OTU1054	3.0	3.0	0.0	1.0	1.0	2.0	0.0	0.0	1.0	1.0	0.0	1.0
OTU1055	0.0	2.0	0.0	0.0	0.0	4.0	0.0	0.0	0.0	1.0	1.0	2.0
OTU1056	12.0	4.0	2.0	8.0	5.0	0.0	0.0	1.0	0.0	2.0	0.0	0.0
OTU1057	0.0	0.0	2.0	1.0	2.0	0.0	0.0	0.0	0.0	0.0	0.0	6.0
OTU1058	84.0	149.0	99.0	17.0	9.0	75.0	40.0	42.0	20.0	23.0	0.0	35.0
OTU1059	1.0	0.0	10.0	0.0	6.0	2.0	0.0	0.0	0.0	0.0	0.0	13.0
OTU106	2.0	0.0	9.0	0.0	1.0	0.0	0.0	3.0	0.0	0.0	0.0	0.0
OTU1060	1.0	0.0	0.0	0.0	1.0	2.0	4.0	0.0	0.0	0.0	0.0	2.0
OTU1061	2.0	0.0	0.0	0.0	0.0	0.0	0.0	3.0	1.0	0.0	0.0	0.0
OTU1062	32.0	62.0	38.0	4.0	1.0	34.0	9.0	19.0	7.0	7.0	1.0	18.0
OTU1063	0.0	0.0	0.0	0.0	0.0	0.0	0.0	0.0	1.0	0.0	0.0	4.0
OTU1064	0.0	2.0	2.0	5.0	3.0	2.0	4.0	2.0	2.0	4.0	1.0	6.0
OTU1065	68.0	6.0	0.0	0.0	5.0	0.0	0.0	21.0	4.0	0.0	0.0	0.0
OTU1066	0.0	0.0	0.0	0.0	0.0	0.0	0.0	0.0	0.0	0.0	0.0	3.0
OTU1067	4.0	3.0	7.0	3.0	1.0	1.0	1.0	3.0	2.0	3.0	2.0	2.0
OTU1068	0.0	1.0	1.0	1.0	2.0	0.0	1.0	0.0	1.0	0.0	0.0	4.0
OTU1069	22.0	4.0	16.0	5.0	1.0	3.0	1.0	2.0	12.0	26.0	2.0	5.0
OTU107	5.0	1.0	23.0	7.0	2.0	9.0	1.0	0.0	1.0	3.0	0.0	10.0
OTU1070	1.0	2.0	4.0	0.0	0.0	0.0	0.0	0.0	0.0	0.0	0.0	0.0
OTU1071	1.0	2.0	0.0	0.0	0.0	0.0	1.0	1.0	1.0	3.0	5.0	0.0
OTU1072	0.0	0.0	0.0	0.0	0.0	1.0	1.0	0.0	0.0	0.0	0.0	0.0
OTU1073	12.0	3.0	12.0	13.0	11.0	11.0	4.0	13.0	16.0	22.0	26.0	5.0
OTU1074	7.0	5.0	21.0	21.0	49.0	35.0	79.0	11.0	20.0	23.0	0.0	315.0
OTU1075	0.0	0.0	0.0	0.0	0.0	1.0	3.0	1.0	0.0	0.0	0.0	5.0
OTU1076	0.0	0.0	4.0	2.0	1.0	0.0	3.0	0.0	14.0	0.0	0.0	8.0
OTU1077	1.0	3.0	4.0	2.0	4.0	3.0	7.0	0.0	3.0	1.0	0.0	6.0
OTU1078	0.0	0.0	6.0	1.0	2.0	0.0	0.0	0.0	0.0	0.0	0.0	0.0
OTU1079	2.0	2.0	2.0	2.0	0.0	3.0	0.0	0.0	0.0	1.0	0.0	6.0
OTU108	18.0	8.0	6.0	2.0	1.0	5.0	2.0	5.0	8.0	1.0	1.0	0.0
OTU1080	3.0	2.0	12.0	17.0	4.0	17.0	19.0	1.0	1.0	6.0	0.0	13.0
OTU1081	0.0	1.0	0.0	0.0	1.0	0.0	2.0	0.0	0.0	0.0	0.0	0.0
OTU1082	3.0	1.0	0.0	0.0	0.0	0.0	0.0	2.0	1.0	0.0	0.0	0.0
OTU1083	1.0	0.0	2.0	0.0	0.0	0.0	0.0	0.0	0.0	0.0	0.0	0.0
OTU1084	37.0	2.0	38.0	2.0	7.0	5.0	6.0	9.0	0.0	34.0	3.0	3.0
OTU1085	12.0	26.0	0.0	0.0	0.0	1.0	0.0	0.0	0.0	3.0	0.0	0.0
OTU1086	0.0	0.0	4.0	1.0	1.0	2.0	2.0	0.0	1.0	0.0	0.0	2.0
OTU1087	0.0	0.0	1.0	1.0	0.0	2.0	0.0	0.0	0.0	0.0	0.0	0.0
OTU1088	0.0	1.0	7.0	3.0	3.0	4.0	2.0	0.0	0.0	0.0	0.0	1.0
OTU1089	0.0	0.0	0.0	4.0	0.0	0.0	0.0	0.0	0.0	0.0	0.0	0.0
OTU109	0.0	0.0	0.0	1.0	0.0	0.0	1.0	0.0	0.0	0.0	0.0	2.0
OTU1090	6.0	0.0	15.0	2.0	1.0	0.0	2.0	0.0	0.0	7.0	0.0	0.0
OTU1091	34.0	2.0	1.0	3.0	0.0	4.0	0.0	6.0	1.0	0.0	0.0	1.0
OTU1092	0.0	0.0	1.0	0.0	0.0	0.0	0.0	0.0	0.0	0.0	0.0	7.0
OTU1093	4.0	0.0	9.0	9.0	0.0	0.0	2.0	0.0	0.0	0.0	0.0	0.0
OTU1094	0.0	0.0	0.0	0.0	0.0	127.0	67.0	0.0	0.0	5.0	0.0	0.0
OTU1095	4.0	2.0	2.0	0.0	2.0	2.0	0.0	4.0	6.0	2.0	0.0	0.0
OTU1096	0.0	0.0	0.0	15.0	0.0	0.0	0.0	0.0	1.0	0.0	0.0	1.0
OTU1097	0.0	0.0	2.0	2.0	0.0	0.0	1.0	0.0	0.0	0.0	0.0	2.0
OTU1098	0.0	2.0	0.0	0.0	0.0	0.0	0.0	0.0	1.0	0.0	0.0	0.0
OTU1099	5.0	3.0	0.0	0.0	0.0	0.0	0.0	0.0	6.0	0.0	0.0	0.0
OTU11	3.0	61.0	0.0	1.0	0.0	13.0	10.0	22.0	1.0	11.0	0.0	9.0
OTU110	0.0	2.0	0.0	3.0	0.0	1.0	2.0	2.0	1.0	6.0	0.0	8.0
OTU1100	0.0	6.0	1.0	0.0	0.0	1.0	1.0	0.0	0.0	0.0	0.0	5.0
OTU1101	666.0	1330.0	139.0	215.0	148.0	668.0	136.0	225.0	412.0	212.0	260.0	516.0
OTU1102	56.0	301.0	14.0	101.0	50.0	133.0	56.0	136.0	127.0	42.0	6.0	57.0
OTU1103	1.0	0.0	1.0	0.0	1.0	0.0	0.0	0.0	1.0	1.0	0.0	0.0
OTU1104	0.0	0.0	0.0	0.0	0.0	0.0	0.0	0.0	0.0	0.0	0.0	16.0
OTU1105	3.0	4.0	2.0	2.0	5.0	6.0	0.0	3.0	1.0	2.0	0.0	23.0
OTU1106	0.0	0.0	0.0	1.0	1.0	0.0	0.0	5.0	0.0	0.0	0.0	1.0
OTU1107	3.0	7.0	29.0	9.0	0.0	2.0	0.0	1.0	0.0	0.0	0.0	0.0
OTU1108	0.0	2.0	1.0	3.0	7.0	8.0	4.0	0.0	0.0	2.0	0.0	6.0
OTU1109	0.0	0.0	4.0	1.0	5.0	7.0	14.0	1.0	0.0	2.0	0.0	254.0
OTU111	0.0	0.0	0.0	0.0	1.0	0.0	0.0	0.0	2.0	0.0	1.0	0.0
OTU1110	0.0	0.0	0.0	0.0	0.0	0.0	0.0	0.0	6.0	0.0	0.0	3.0
OTU1111	3.0	0.0	8.0	10.0	11.0	32.0	9.0	7.0	4.0	5.0	0.0	9.0
OTU1112	0.0	0.0	0.0	4.0	1.0	1.0	2.0	3.0	0.0	6.0	0.0	0.0
OTU1113	10.0	16.0	2.0	5.0	10.0	9.0	3.0	1.0	5.0	2.0	0.0	0.0
OTU1114	0.0	0.0	0.0	1.0	0.0	1.0	2.0	0.0	1.0	1.0	0.0	1.0
OTU1115	6.0	0.0	5.0	2.0	0.0	0.0	3.0	6.0	2.0	4.0	0.0	0.0
OTU1116	2.0	4.0	0.0	0.0	0.0	0.0	0.0	0.0	3.0	1.0	0.0	7.0
OTU1117	0.0	0.0	0.0	0.0	1.0	0.0	0.0	0.0	0.0	0.0	0.0	4.0
OTU1118	0.0	2.0	0.0	0.0	6.0	10.0	11.0	0.0	4.0	0.0	0.0	7.0
OTU1119	0.0	0.0	0.0	0.0	0.0	0.0	1.0	2.0	0.0	0.0	0.0	0.0
OTU112	6.0	3.0	0.0	0.0	0.0	0.0	0.0	0.0	0.0	0.0	0.0	0.0
OTU1120	0.0	0.0	0.0	1.0	0.0	0.0	2.0	0.0	1.0	0.0	0.0	0.0
OTU1121	30.0	0.0	0.0	8.0	5.0	1.0	0.0	0.0	4.0	0.0	1.0	2.0
OTU1122	55.0	528.0	10.0	79.0	47.0	552.0	1223.0	314.0	353.0	160.0	91.0	215.0
OTU1123	0.0	0.0	0.0	0.0	0.0	2.0	2.0	2.0	0.0	0.0	0.0	1.0
OTU1124	0.0	0.0	1.0	10.0	0.0	1.0	37.0	66.0	0.0	0.0	0.0	0.0
OTU1125	0.0	0.0	0.0	15.0	0.0	0.0	49.0	56.0	0.0	0.0	0.0	3.0
OTU1126	63.0	74.0	32.0	11.0	36.0	5.0	7.0	28.0	263.0	11.0	1.0	90.0
OTU1127	1.0	1.0	0.0	0.0	0.0	2.0	0.0	21.0	1.0	0.0	0.0	0.0
OTU1128	18.0	0.0	20.0	11.0	9.0	17.0	2.0	20.0	5.0	7.0	0.0	0.0
OTU1129	1.0	0.0	0.0	0.0	0.0	3.0	0.0	0.0	0.0	0.0	0.0	0.0
OTU113	0.0	2.0	3.0	1.0	0.0	0.0	1.0	1.0	2.0	0.0	1.0	3.0
OTU1130	5.0	0.0	2.0	0.0	1.0	2.0	2.0	0.0	0.0	0.0	0.0	0.0
OTU1131	3.0	2.0	8.0	4.0	1.0	11.0	3.0	2.0	3.0	0.0	0.0	1.0
OTU1132	0.0	0.0	0.0	0.0	0.0	3.0	1.0	0.0	0.0	0.0	0.0	1.0
OTU1133	2.0	2.0	0.0	1.0	0.0	0.0	1.0	0.0	0.0	0.0	0.0	0.0
OTU1134	0.0	0.0	0.0	1.0	0.0	0.0	14.0	0.0	0.0	0.0	0.0	0.0
OTU1135	1.0	8.0	9.0	16.0	2.0	13.0	61.0	8.0	4.0	3.0	0.0	79.0
OTU1136	0.0	2.0	0.0	1.0	1.0	0.0	0.0	4.0	0.0	0.0	0.0	0.0
OTU1137	417.0	366.0	213.0	224.0	1121.0	754.0	35.0	520.0	348.0	616.0	596.0	96.0
OTU1138	3.0	0.0	1.0	0.0	4.0	6.0	0.0	1.0	0.0	0.0	1.0	0.0
OTU1139	0.0	2.0	60.0	1.0	0.0	72.0	1.0	0.0	0.0	0.0	0.0	1.0
OTU114	0.0	0.0	0.0	0.0	0.0	0.0	0.0	1.0	0.0	0.0	0.0	1.0
OTU1140	0.0	0.0	1.0	0.0	3.0	0.0	4.0	1.0	0.0	0.0	0.0	0.0
OTU115	36.0	4.0	40.0	18.0	16.0	1.0	6.0	8.0	17.0	13.0	3.0	2.0
OTU116	2349.0	1606.0	1906.0	1633.0	1487.0	627.0	268.0	2477.0	4720.0	2558.0	1059.0	857.0
OTU117	35.0	11.0	6.0	8.0	8.0	7.0	2.0	1.0	9.0	8.0	4.0	0.0
OTU118	3.0	2.0	0.0	0.0	1.0	3.0	3.0	0.0	2.0	0.0	0.0	0.0
OTU119	2.0	2.0	0.0	1.0	6.0	1.0	0.0	0.0	2.0	0.0	2.0	0.0
OTU12	14.0	9.0	15.0	22.0	21.0	8.0	0.0	9.0	9.0	1.0	0.0	2.0
OTU120	0.0	0.0	0.0	0.0	0.0	2.0	0.0	1.0	0.0	0.0	0.0	0.0
OTU121	0.0	0.0	0.0	2.0	4.0	0.0	4.0	2.0	0.0	1.0	0.0	0.0
OTU122	1.0	3.0	9.0	9.0	4.0	5.0	5.0	6.0	3.0	3.0	0.0	3.0
OTU123	4.0	69.0	0.0	15.0	0.0	0.0	88.0	5.0	95.0	12.0	2.0	0.0
OTU124	0.0	0.0	0.0	3.0	2.0	0.0	0.0	0.0	0.0	1.0	0.0	0.0
OTU125	46.0	31.0	64.0	27.0	22.0	13.0	10.0	15.0	22.0	30.0	0.0	25.0
OTU126	2.0	2.0	1.0	1.0	0.0	0.0	5.0	0.0	5.0	0.0	0.0	0.0
OTU127	1.0	0.0	0.0	0.0	0.0	0.0	0.0	0.0	1.0	0.0	3.0	1.0
OTU128	0.0	1.0	3.0	0.0	0.0	2.0	0.0	0.0	0.0	0.0	0.0	2.0
OTU129	0.0	1.0	1.0	0.0	0.0	0.0	1.0	0.0	1.0	0.0	0.0	1.0
OTU13	0.0	0.0	2.0	0.0	3.0	0.0	0.0	1.0	0.0	0.0	1.0	0.0
OTU130	5.0	8.0	18.0	10.0	1.0	8.0	8.0	5.0	1.0	2.0	0.0	17.0
OTU131	8.0	4.0	8.0	3.0	6.0	2.0	1.0	6.0	0.0	2.0	2.0	0.0
OTU132	0.0	2.0	5.0	1.0	0.0	2.0	0.0	3.0	0.0	0.0	0.0	2.0
OTU133	0.0	0.0	0.0	1.0	0.0	3.0	0.0	0.0	1.0	1.0	0.0	0.0
OTU134	3.0	5.0	0.0	3.0	0.0	0.0	0.0	0.0	0.0	0.0	0.0	0.0
OTU135	0.0	2.0	3.0	2.0	1.0	8.0	4.0	0.0	0.0	0.0	0.0	7.0
OTU136	0.0	1.0	1.0	1.0	1.0	2.0	9.0	0.0	1.0	0.0	0.0	1.0
OTU137	11.0	0.0	0.0	0.0	1.0	0.0	0.0	0.0	1.0	0.0	0.0	0.0
OTU138	2.0	5.0	0.0	2.0	7.0	17.0	22.0	307.0	125.0	13.0	4.0	12.0
OTU139	14.0	5.0	20.0	13.0	8.0	6.0	3.0	5.0	14.0	14.0	4.0	2.0
OTU14	0.0	0.0	0.0	0.0	2.0	0.0	0.0	0.0	0.0	0.0	0.0	1.0
OTU140	0.0	0.0	0.0	1.0	0.0	0.0	2.0	0.0	0.0	0.0	0.0	0.0
OTU141	0.0	0.0	26.0	1.0	0.0	0.0	0.0	2.0	1.0	1.0	0.0	10.0
OTU142	13.0	6.0	31.0	9.0	8.0	1.0	1.0	26.0	8.0	14.0	1.0	2.0
OTU143	2.0	2.0	1.0	0.0	0.0	1.0	0.0	0.0	2.0	0.0	0.0	4.0
OTU144	0.0	1.0	0.0	0.0	0.0	0.0	2.0	0.0	1.0	3.0	1.0	0.0
OTU145	0.0	4.0	1.0	1.0	0.0	2.0	1.0	0.0	1.0	2.0	0.0	13.0
OTU146	0.0	0.0	0.0	0.0	0.0	0.0	3.0	5.0	0.0	0.0	0.0	0.0
OTU147	0.0	0.0	0.0	0.0	0.0	0.0	1.0	0.0	2.0	0.0	0.0	0.0
OTU148	0.0	1.0	3.0	2.0	2.0	0.0	1.0	1.0	0.0	0.0	0.0	14.0
OTU149	1.0	0.0	0.0	4.0	0.0	1.0	3.0	5.0	2.0	6.0	0.0	3.0
OTU15	18.0	3.0	13.0	13.0	11.0	18.0	14.0	15.0	4.0	20.0	1.0	21.0
OTU150	1.0	0.0	0.0	13.0	5.0	1.0	15.0	0.0	0.0	13.0	1.0	0.0
OTU151	0.0	0.0	25.0	2.0	9.0	9.0	1.0	2.0	0.0	2.0	1.0	0.0
OTU152	1.0	0.0	0.0	1.0	0.0	1.0	4.0	0.0	1.0	0.0	0.0	0.0
OTU153	0.0	1.0	0.0	36.0	2.0	10.0	6.0	253.0	0.0	0.0	0.0	39.0
OTU154	0.0	0.0	0.0	0.0	0.0	0.0	1.0	0.0	0.0	2.0	0.0	0.0
OTU155	45.0	21.0	208.0	86.0	49.0	25.0	85.0	67.0	2.0	22.0	0.0	140.0
OTU156	0.0	3.0	0.0	4.0	0.0	0.0	1.0	4.0	0.0	0.0	1.0	0.0
OTU157	0.0	0.0	0.0	0.0	0.0	1.0	0.0	0.0	4.0	0.0	0.0	1.0
OTU158	3.0	0.0	0.0	3.0	3.0	0.0	0.0	1.0	0.0	0.0	0.0	0.0
OTU159	0.0	0.0	0.0	1.0	0.0	0.0	2.0	0.0	3.0	1.0	0.0	0.0
OTU16	0.0	0.0	0.0	5.0	8.0	2.0	0.0	0.0	0.0	0.0	0.0	1.0
OTU160	45.0	2.0	1.0	4.0	7.0	3.0	4.0	9.0	1.0	3.0	0.0	0.0
OTU161	37.0	2.0	1.0	20.0	0.0	2.0	36.0	0.0	1.0	1.0	0.0	30.0
OTU162	8.0	6.0	6.0	7.0	14.0	7.0	9.0	7.0	5.0	8.0	0.0	21.0
OTU163	0.0	0.0	2.0	1.0	0.0	2.0	0.0	0.0	0.0	0.0	0.0	0.0
OTU164	0.0	0.0	1.0	4.0	0.0	0.0	1.0	0.0	0.0	0.0	0.0	4.0
OTU165	10.0	6.0	3.0	0.0	3.0	3.0	2.0	9.0	9.0	0.0	5.0	1.0
OTU166	4.0	2.0	2.0	2.0	31.0	0.0	18.0	0.0	2.0	0.0	0.0	0.0
OTU167	0.0	0.0	1.0	2.0	2.0	5.0	3.0	1.0	3.0	0.0	0.0	2.0
OTU168	5.0	26.0	3.0	15.0	3.0	57.0	13.0	88.0	6.0	45.0	4.0	73.0
OTU169	0.0	0.0	5.0	1.0	0.0	0.0	0.0	1.0	0.0	0.0	0.0	7.0
OTU17	0.0	1.0	1.0	2.0	0.0	2.0	1.0	0.0	0.0	0.0	0.0	0.0
OTU170	0.0	0.0	0.0	0.0	0.0	0.0	1.0	0.0	0.0	6.0	0.0	1.0
OTU171	0.0	0.0	0.0	1.0	0.0	0.0	0.0	0.0	0.0	1.0	0.0	3.0
OTU172	0.0	0.0	0.0	0.0	0.0	1.0	2.0	0.0	0.0	0.0	0.0	1.0
OTU173	0.0	0.0	51.0	0.0	31.0	1.0	0.0	0.0	0.0	0.0	0.0	0.0
OTU174	13.0	18.0	25.0	20.0	5.0	8.0	10.0	7.0	0.0	26.0	0.0	28.0
OTU175	14.0	7.0	7.0	6.0	4.0	8.0	8.0	1.0	5.0	4.0	2.0	3.0
OTU176	2.0	0.0	0.0	0.0	0.0	9.0	2.0	0.0	0.0	0.0	0.0	11.0
OTU177	0.0	0.0	1.0	0.0	0.0	0.0	0.0	2.0	0.0	1.0	0.0	0.0
OTU178	1.0	1.0	2.0	1.0	2.0	4.0	1.0	0.0	2.0	1.0	0.0	10.0
OTU179	2.0	3.0	0.0	1.0	7.0	3.0	4.0	1.0	0.0	3.0	1.0	1.0
OTU18	0.0	0.0	0.0	2.0	0.0	3.0	3.0	0.0	1.0	0.0	0.0	4.0
OTU180	0.0	11.0	0.0	0.0	3.0	1.0	0.0	9.0	13.0	0.0	2.0	0.0
OTU181	0.0	0.0	0.0	0.0	0.0	0.0	1.0	0.0	0.0	0.0	0.0	6.0
OTU182	0.0	0.0	1.0	0.0	0.0	1.0	0.0	0.0	0.0	1.0	0.0	4.0
OTU183	0.0	0.0	1.0	0.0	0.0	0.0	2.0	1.0	0.0	1.0	0.0	147.0
OTU184	6.0	4.0	1.0	3.0	2.0	4.0	4.0	3.0	0.0	0.0	0.0	0.0
OTU185	0.0	0.0	0.0	1.0	0.0	0.0	0.0	1.0	1.0	0.0	0.0	0.0
OTU186	1.0	7.0	17.0	3.0	1.0	3.0	4.0	3.0	2.0	3.0	0.0	4.0
OTU187	41.0	39.0	362.0	212.0	217.0	39.0	96.0	0.0	70.0	7.0	18.0	0.0
OTU188	1.0	0.0	2.0	0.0	0.0	0.0	0.0	0.0	0.0	1.0	0.0	0.0
OTU189	0.0	0.0	1.0	1.0	0.0	4.0	1.0	0.0	0.0	0.0	0.0	0.0
OTU19	0.0	0.0	11.0	28.0	0.0	0.0	26.0	61.0	384.0	0.0	0.0	2.0
OTU190	6.0	14.0	1.0	3.0	3.0	6.0	15.0	2.0	9.0	7.0	0.0	1.0
OTU191	1.0	0.0	1.0	0.0	0.0	0.0	1.0	3.0	15.0	0.0	0.0	1.0
OTU192	0.0	0.0	0.0	2.0	0.0	0.0	19.0	2.0	0.0	2.0	0.0	0.0
OTU193	2.0	0.0	0.0	0.0	0.0	0.0	0.0	0.0	0.0	0.0	0.0	0.0
OTU194	1.0	0.0	0.0	0.0	1.0	3.0	2.0	2.0	0.0	0.0	0.0	5.0
OTU195	0.0	0.0	5.0	0.0	0.0	0.0	0.0	0.0	0.0	0.0	0.0	3.0
OTU196	0.0	2.0	1.0	0.0	0.0	0.0	6.0	0.0	0.0	4.0	0.0	0.0
OTU197	0.0	0.0	0.0	0.0	0.0	1.0	0.0	0.0	2.0	0.0	0.0	0.0
OTU198	2.0	1.0	1.0	1.0	0.0	0.0	0.0	1.0	2.0	1.0	1.0	1.0
OTU199	0.0	2.0	1.0	1.0	2.0	1.0	5.0	0.0	3.0	0.0	0.0	3.0
OTU2	1.0	0.0	2.0	1.0	0.0	0.0	0.0	0.0	0.0	0.0	0.0	0.0
OTU20	0.0	0.0	2.0	0.0	1.0	0.0	0.0	1.0	0.0	1.0	1.0	1.0
OTU200	3.0	6.0	7.0	2.0	6.0	0.0	3.0	5.0	3.0	1.0	1.0	3.0
OTU201	0.0	2.0	1.0	0.0	0.0	0.0	0.0	0.0	0.0	0.0	0.0	0.0
OTU202	1.0	2.0	0.0	0.0	0.0	0.0	0.0	0.0	1.0	0.0	0.0	0.0
OTU203	0.0	0.0	3.0	4.0	1.0	11.0	54.0	20.0	0.0	6.0	0.0	202.0
OTU204	0.0	0.0	0.0	0.0	2.0	0.0	2.0	1.0	0.0	0.0	0.0	2.0
OTU205	13.0	2.0	13.0	22.0	14.0	4.0	7.0	29.0	7.0	9.0	0.0	0.0
OTU206	1.0	0.0	1.0	0.0	0.0	0.0	0.0	0.0	0.0	0.0	0.0	0.0
OTU207	0.0	0.0	0.0	0.0	0.0	0.0	0.0	0.0	0.0	0.0	0.0	4.0
OTU208	3.0	0.0	14.0	0.0	8.0	0.0	7.0	0.0	2.0	0.0	0.0	3.0
OTU209	3.0	3.0	2.0	18.0	10.0	0.0	10.0	0.0	9.0	1.0	9.0	0.0
OTU21	3.0	1.0	6.0	4.0	5.0	0.0	0.0	4.0	2.0	1.0	0.0	0.0
OTU210	2.0	1.0	0.0	3.0	0.0	0.0	0.0	0.0	0.0	2.0	0.0	1.0
OTU211	5354.0	1635.0	10235.0	16103.0	19689.0	21073.0	10698.0	18609.0	6792.0	13567.0	26809.0	4528.0
OTU212	1.0	0.0	9.0	0.0	0.0	2.0	0.0	0.0	0.0	3.0	0.0	0.0
OTU213	0.0	0.0	0.0	0.0	0.0	2.0	1.0	0.0	0.0	0.0	0.0	0.0
OTU214	0.0	0.0	0.0	0.0	0.0	0.0	1.0	0.0	0.0	0.0	0.0	2.0
OTU215	1.0	16.0	1.0	1.0	1.0	10.0	0.0	1.0	0.0	0.0	1.0	17.0
OTU216	0.0	0.0	0.0	0.0	0.0	0.0	0.0	0.0	0.0	0.0	0.0	9.0
OTU217	22.0	6.0	8.0	4.0	11.0	6.0	1.0	8.0	30.0	15.0	16.0	9.0
OTU218	1.0	2.0	3.0	12.0	1.0	1.0	1.0	1.0	0.0	3.0	0.0	2.0
OTU219	1.0	5.0	0.0	28.0	6.0	21.0	3.0	286.0	0.0	0.0	0.0	55.0
OTU22	0.0	1.0	0.0	0.0	4.0	1.0	1.0	1.0	0.0	0.0	0.0	0.0
OTU220	9.0	0.0	2.0	1.0	1.0	2.0	0.0	1.0	6.0	5.0	4.0	4.0
OTU221	0.0	0.0	1.0	1.0	0.0	1.0	2.0	0.0	0.0	0.0	0.0	3.0
OTU222	0.0	0.0	0.0	0.0	0.0	15.0	0.0	822.0	2.0	9.0	1.0	0.0
OTU223	0.0	0.0	0.0	1.0	1.0	0.0	0.0	1.0	1.0	2.0	0.0	1.0
OTU224	1.0	0.0	0.0	0.0	0.0	1.0	0.0	0.0	0.0	0.0	0.0	0.0
OTU225	8.0	21.0	0.0	1.0	1.0	0.0	0.0	0.0	0.0	0.0	0.0	2.0
OTU226	0.0	0.0	0.0	0.0	0.0	2.0	1.0	0.0	0.0	0.0	0.0	1.0
OTU227	0.0	0.0	0.0	1.0	0.0	0.0	0.0	0.0	0.0	0.0	0.0	31.0
OTU228	0.0	1.0	2.0	2.0	0.0	0.0	4.0	0.0	2.0	0.0	0.0	1.0
OTU229	0.0	0.0	0.0	0.0	0.0	0.0	3.0	0.0	3.0	0.0	0.0	0.0
OTU23	0.0	0.0	1.0	0.0	0.0	1.0	5.0	0.0	0.0	0.0	0.0	3.0
OTU230	6.0	2.0	4.0	7.0	8.0	9.0	0.0	5.0	2.0	2.0	1.0	9.0
OTU231	3.0	6.0	2.0	4.0	2.0	7.0	3.0	5.0	1.0	1.0	0.0	3.0
OTU232	1.0	2.0	4.0	3.0	3.0	0.0	0.0	0.0	3.0	2.0	0.0	1.0
OTU233	6.0	0.0	0.0	5.0	0.0	0.0	0.0	0.0	0.0	0.0	0.0	8.0
OTU234	2.0	0.0	6.0	1.0	2.0	0.0	0.0	0.0	0.0	2.0	0.0	0.0
OTU235	2.0	4.0	0.0	0.0	1.0	0.0	2.0	0.0	0.0	0.0	0.0	0.0
OTU236	0.0	0.0	0.0	0.0	0.0	2.0	0.0	0.0	0.0	0.0	0.0	5.0
OTU237	0.0	0.0	0.0	0.0	0.0	0.0	2.0	1.0	0.0	0.0	0.0	0.0
OTU238	0.0	0.0	0.0	10.0	0.0	0.0	0.0	0.0	0.0	1.0	1.0	0.0
OTU239	0.0	0.0	26.0	0.0	0.0	3.0	0.0	1.0	0.0	0.0	0.0	0.0
OTU24	30.0	14.0	10.0	4.0	12.0	8.0	2.0	9.0	36.0	4.0	17.0	18.0
OTU240	1.0	1.0	3.0	2.0	0.0	4.0	0.0	1.0	1.0	3.0	0.0	4.0
OTU241	4.0	10.0	21.0	0.0	30.0	7.0	87.0	161.0	0.0	3.0	0.0	1321.0
OTU242	0.0	6.0	1.0	0.0	3.0	0.0	0.0	0.0	2.0	5.0	0.0	0.0
OTU243	4.0	18.0	0.0	0.0	0.0	0.0	0.0	0.0	0.0	0.0	0.0	0.0
OTU244	0.0	0.0	0.0	13.0	0.0	0.0	0.0	0.0	0.0	0.0	0.0	0.0
OTU245	0.0	0.0	0.0	0.0	0.0	0.0	5.0	1.0	0.0	0.0	0.0	0.0
OTU246	0.0	46.0	0.0	9.0	1.0	0.0	4.0	0.0	0.0	0.0	0.0	0.0
OTU247	0.0	0.0	4.0	1.0	0.0	0.0	1.0	0.0	0.0	0.0	0.0	0.0
OTU248	8.0	14.0	0.0	0.0	0.0	21.0	1.0	0.0	1.0	8.0	0.0	6.0
OTU249	5.0	7.0	2.0	2.0	4.0	0.0	19.0	0.0	1.0	8.0	0.0	1.0
OTU25	0.0	1.0	0.0	2.0	1.0	0.0	2.0	0.0	0.0	0.0	0.0	0.0
OTU250	0.0	1.0	0.0	1.0	0.0	0.0	2.0	0.0	0.0	0.0	0.0	0.0
OTU251	0.0	0.0	0.0	0.0	0.0	0.0	2.0	1.0	0.0	0.0	0.0	0.0
OTU252	0.0	0.0	0.0	1.0	0.0	0.0	1.0	0.0	0.0	0.0	0.0	1.0
OTU253	1.0	0.0	5.0	0.0	2.0	0.0	0.0	0.0	1.0	0.0	0.0	0.0
OTU254	0.0	1.0	6.0	2.0	1.0	0.0	0.0	0.0	0.0	0.0	0.0	1.0
OTU255	0.0	0.0	0.0	0.0	1.0	0.0	0.0	0.0	0.0	0.0	0.0	1.0
OTU256	0.0	0.0	0.0	0.0	0.0	0.0	0.0	0.0	0.0	0.0	0.0	5.0
OTU257	4.0	0.0	1.0	2.0	0.0	1.0	1.0	3.0	8.0	7.0	1.0	0.0
OTU258	0.0	0.0	0.0	1.0	0.0	0.0	3.0	0.0	2.0	0.0	0.0	0.0
OTU259	2.0	1.0	0.0	0.0	0.0	0.0	1.0	0.0	0.0	0.0	0.0	0.0
OTU26	1.0	5.0	0.0	0.0	1.0	22.0	22.0	1.0	6.0	1.0	0.0	2.0
OTU260	18.0	24.0	6.0	0.0	1.0	38.0	0.0	28.0	1.0	7.0	0.0	6.0
OTU261	0.0	4.0	0.0	0.0	0.0	0.0	0.0	0.0	0.0	0.0	0.0	1.0
OTU262	0.0	0.0	1.0	0.0	1.0	1.0	0.0	1.0	2.0	5.0	1.0	10.0
OTU263	8.0	0.0	4.0	3.0	3.0	2.0	2.0	1.0	2.0	0.0	0.0	1.0
OTU264	0.0	0.0	4.0	4.0	1.0	1.0	0.0	0.0	1.0	0.0	0.0	0.0
OTU265	16.0	21.0	3.0	1.0	0.0	0.0	2.0	0.0	5.0	2.0	1.0	2.0
OTU266	0.0	0.0	0.0	1.0	0.0	0.0	0.0	1.0	1.0	0.0	0.0	0.0
OTU267	0.0	1.0	0.0	1.0	1.0	0.0	0.0	4.0	0.0	2.0	0.0	0.0
OTU268	0.0	2.0	10.0	43.0	17.0	52.0	92.0	0.0	4.0	0.0	0.0	54.0
OTU269	0.0	0.0	0.0	0.0	0.0	0.0	0.0	0.0	29.0	0.0	0.0	0.0
OTU27	3.0	2.0	0.0	1.0	0.0	0.0	0.0	0.0	0.0	0.0	1.0	0.0
OTU270	0.0	0.0	0.0	0.0	1.0	0.0	2.0	0.0	0.0	0.0	0.0	0.0
OTU271	0.0	0.0	2.0	0.0	0.0	0.0	0.0	0.0	0.0	0.0	0.0	1.0
OTU272	8.0	2.0	1.0	0.0	2.0	8.0	49.0	1.0	21.0	1.0	0.0	3.0
OTU273	0.0	1.0	1.0	0.0	0.0	0.0	2.0	0.0	0.0	0.0	0.0	1.0
OTU274	0.0	2.0	0.0	1.0	0.0	0.0	6.0	4.0	0.0	0.0	0.0	1.0
OTU275	4.0	1.0	0.0	0.0	3.0	0.0	0.0	0.0	0.0	0.0	0.0	0.0
OTU276	10.0	39.0	0.0	1.0	1.0	0.0	10.0	5.0	32.0	0.0	0.0	0.0
OTU277	1.0	2.0	0.0	2.0	0.0	0.0	0.0	1.0	4.0	0.0	0.0	11.0
OTU278	0.0	8.0	0.0	0.0	0.0	0.0	0.0	0.0	0.0	0.0	0.0	1.0
OTU279	1.0	7.0	0.0	0.0	0.0	0.0	0.0	0.0	0.0	0.0	0.0	0.0
OTU28	0.0	1.0	0.0	0.0	0.0	2.0	0.0	0.0	2.0	0.0	0.0	0.0
OTU280	0.0	0.0	0.0	1.0	0.0	0.0	0.0	0.0	1.0	0.0	0.0	0.0
OTU281	0.0	0.0	1.0	14.0	0.0	0.0	4.0	0.0	0.0	0.0	0.0	0.0
OTU282	3.0	0.0	1.0	36.0	2.0	0.0	48.0	1.0	7.0	0.0	0.0	0.0
OTU283	1.0	0.0	0.0	1.0	1.0	0.0	1.0	0.0	0.0	0.0	0.0	0.0
OTU284	0.0	0.0	0.0	0.0	0.0	1.0	0.0	5.0	14.0	0.0	0.0	0.0
OTU285	4.0	0.0	0.0	0.0	1.0	0.0	0.0	3.0	0.0	0.0	0.0	0.0
OTU286	0.0	0.0	0.0	0.0	0.0	0.0	1.0	0.0	0.0	0.0	0.0	2.0
OTU287	1.0	6.0	8.0	10.0	3.0	10.0	2.0	4.0	1.0	6.0	0.0	9.0
OTU288	0.0	1.0	0.0	0.0	1.0	0.0	1.0	0.0	1.0	0.0	0.0	2.0
OTU289	0.0	0.0	1.0	1.0	1.0	3.0	0.0	0.0	0.0	0.0	2.0	5.0
OTU29	9.0	35.0	15.0	6.0	1.0	7.0	1.0	17.0	3.0	7.0	0.0	57.0
OTU290	1.0	1.0	3.0	9.0	8.0	9.0	5.0	2.0	4.0	0.0	0.0	0.0
OTU291	13.0	6.0	2.0	11.0	5.0	10.0	6.0	3.0	2.0	5.0	1.0	9.0
OTU292	1.0	2.0	0.0	3.0	1.0	0.0	3.0	14.0	0.0	4.0	0.0	1.0
OTU293	0.0	0.0	3.0	2.0	0.0	1.0	0.0	0.0	0.0	0.0	0.0	13.0
OTU294	0.0	6.0	0.0	21.0	0.0	1.0	9.0	65.0	24.0	15.0	0.0	6.0
OTU295	0.0	0.0	0.0	0.0	0.0	0.0	62.0	0.0	0.0	0.0	0.0	0.0
OTU296	0.0	7.0	1.0	1.0	1.0	0.0	0.0	24.0	5.0	8.0	1.0	0.0
OTU297	2.0	2.0	5.0	3.0	0.0	0.0	0.0	0.0	0.0	2.0	0.0	2.0
OTU298	0.0	1.0	0.0	1.0	15.0	0.0	6.0	0.0	78.0	0.0	8.0	0.0
OTU299	0.0	0.0	0.0	0.0	1.0	0.0	0.0	2.0	2.0	1.0	2.0	0.0
OTU3	3.0	5.0	15.0	11.0	111.0	6.0	7.0	5.0	13.0	3.0	0.0	3.0
OTU30	0.0	0.0	0.0	0.0	7.0	0.0	0.0	0.0	0.0	0.0	0.0	0.0
OTU300	20.0	8.0	103.0	6.0	2.0	21.0	0.0	5.0	0.0	0.0	1.0	0.0
OTU301	19.0	79.0	18.0	38.0	6.0	119.0	41.0	57.0	45.0	61.0	9.0	68.0
OTU302	0.0	4.0	9.0	16.0	8.0	22.0	3.0	1.0	2.0	2.0	1.0	30.0
OTU303	2.0	11.0	2.0	2.0	4.0	35.0	4.0	64.0	21.0	49.0	2.0	50.0
OTU304	0.0	0.0	0.0	0.0	0.0	2.0	3.0	0.0	0.0	0.0	0.0	2.0
OTU305	0.0	2.0	7.0	148.0	8.0	24.0	5.0	30.0	5.0	4.0	0.0	23.0
OTU306	2.0	0.0	11.0	4.0	14.0	0.0	5.0	4.0	9.0	0.0	0.0	4.0
OTU307	0.0	0.0	0.0	1.0	0.0	2.0	0.0	0.0	0.0	0.0	0.0	2.0
OTU308	0.0	0.0	0.0	0.0	0.0	0.0	0.0	0.0	3.0	0.0	0.0	0.0
OTU309	0.0	1.0	3.0	0.0	0.0	1.0	1.0	1.0	1.0	1.0	0.0	5.0
OTU31	0.0	0.0	0.0	0.0	0.0	0.0	0.0	0.0	0.0	0.0	0.0	2.0
OTU310	0.0	0.0	1.0	3.0	1.0	25.0	2056.0	801.0	39.0	3.0	0.0	2.0
OTU311	1.0	0.0	12.0	1.0	0.0	0.0	2.0	0.0	0.0	5.0	0.0	0.0
OTU312	0.0	0.0	3.0	0.0	0.0	0.0	0.0	0.0	0.0	0.0	0.0	0.0
OTU313	0.0	0.0	2.0	1.0	0.0	5.0	0.0	0.0	0.0	5.0	0.0	40.0
OTU314	0.0	0.0	0.0	0.0	1.0	0.0	2.0	0.0	0.0	0.0	0.0	0.0
OTU315	0.0	0.0	0.0	0.0	0.0	4.0	0.0	0.0	0.0	0.0	0.0	0.0
OTU316	0.0	0.0	0.0	0.0	0.0	0.0	0.0	0.0	0.0	0.0	0.0	9.0
OTU317	15.0	0.0	0.0	1.0	0.0	0.0	0.0	0.0	0.0	0.0	0.0	0.0
OTU318	0.0	0.0	0.0	0.0	0.0	2.0	1.0	23.0	0.0	0.0	1.0	10.0
OTU319	0.0	0.0	0.0	0.0	0.0	1.0	0.0	1.0	0.0	1.0	0.0	1.0
OTU32	81.0	107.0	328.0	185.0	359.0	200.0	9.0	88.0	187.0	200.0	154.0	116.0
OTU320	1.0	2.0	11.0	0.0	1.0	8.0	11.0	0.0	1.0	0.0	0.0	1.0
OTU321	0.0	0.0	3.0	2.0	2.0	1.0	2.0	0.0	1.0	0.0	0.0	3.0
OTU322	6.0	0.0	0.0	1.0	3.0	0.0	0.0	3.0	6.0	4.0	2.0	4.0
OTU323	8.0	0.0	0.0	0.0	0.0	0.0	0.0	0.0	0.0	0.0	0.0	0.0
OTU324	0.0	0.0	0.0	0.0	0.0	0.0	0.0	1.0	1.0	0.0	0.0	0.0
OTU325	0.0	0.0	0.0	1.0	0.0	0.0	2.0	0.0	0.0	0.0	0.0	0.0
OTU326	2.0	0.0	0.0	0.0	0.0	3.0	67.0	1.0	0.0	0.0	0.0	9.0
OTU327	1.0	0.0	0.0	0.0	0.0	0.0	0.0	0.0	1.0	0.0	0.0	0.0
OTU328	0.0	0.0	0.0	0.0	0.0	0.0	0.0	101.0	33.0	121.0	72.0	0.0
OTU329	25.0	1.0	3.0	6.0	0.0	5.0	6.0	9.0	1.0	4.0	0.0	6.0
OTU33	2.0	0.0	0.0	2.0	0.0	2.0	0.0	0.0	0.0	0.0	0.0	0.0
OTU330	14.0	5.0	10.0	6.0	14.0	1.0	2.0	13.0	8.0	17.0	3.0	0.0
OTU331	4.0	3.0	17.0	1.0	0.0	22.0	18.0	3.0	6.0	2.0	1.0	51.0
OTU332	0.0	0.0	0.0	0.0	0.0	0.0	0.0	0.0	0.0	0.0	0.0	11.0
OTU333	2.0	0.0	0.0	2.0	0.0	2.0	1.0	1.0	0.0	0.0	0.0	0.0
OTU334	16.0	0.0	26.0	13.0	11.0	3.0	3.0	1.0	3.0	15.0	3.0	12.0
OTU335	7.0	8.0	5.0	7.0	0.0	3.0	9.0	1.0	9.0	6.0	6.0	5.0
OTU336	0.0	2.0	3.0	1.0	4.0	4.0	3.0	1.0	1.0	0.0	0.0	9.0
OTU337	2.0	2.0	0.0	0.0	0.0	1.0	0.0	2.0	2.0	1.0	0.0	0.0
OTU338	4.0	9.0	12.0	2.0	3.0	0.0	0.0	4.0	13.0	0.0	0.0	0.0
OTU339	0.0	5.0	1.0	1.0	2.0	1.0	2.0	1.0	1.0	0.0	0.0	3.0
OTU34	0.0	0.0	7.0	0.0	0.0	0.0	0.0	0.0	0.0	0.0	0.0	0.0
OTU340	1.0	0.0	0.0	2.0	0.0	1.0	1.0	1.0	1.0	0.0	0.0	0.0
OTU341	1.0	0.0	0.0	1.0	0.0	0.0	1.0	2.0	0.0	0.0	0.0	4.0
OTU342	0.0	1.0	1.0	0.0	0.0	2.0	0.0	0.0	0.0	0.0	0.0	2.0
OTU343	0.0	1.0	0.0	0.0	0.0	1.0	0.0	0.0	1.0	3.0	1.0	0.0
OTU344	0.0	0.0	38.0	21.0	8.0	25.0	36.0	25.0	12.0	17.0	2.0	7.0
OTU345	1.0	0.0	0.0	0.0	0.0	0.0	0.0	0.0	1.0	0.0	0.0	0.0
OTU346	3.0	0.0	0.0	1.0	44.0	0.0	7.0	0.0	5.0	0.0	0.0	0.0
OTU347	42.0	20.0	24.0	12.0	12.0	7.0	11.0	24.0	25.0	16.0	6.0	31.0
OTU348	4.0	23.0	10.0	26.0	0.0	0.0	1295.0	1612.0	9718.0	1.0	0.0	3.0
OTU349	0.0	1.0	0.0	0.0	0.0	1.0	4.0	1.0	0.0	0.0	0.0	1.0
OTU35	113.0	13.0	13.0	16.0	58.0	19.0	31.0	11.0	4.0	53.0	5.0	4.0
OTU350	0.0	1.0	0.0	0.0	0.0	1.0	6.0	1.0	0.0	2.0	0.0	0.0
OTU351	4.0	0.0	0.0	1.0	3.0	6.0	0.0	0.0	1.0	0.0	0.0	0.0
OTU352	0.0	0.0	0.0	0.0	0.0	1.0	0.0	0.0	0.0	2.0	0.0	1.0
OTU353	1.0	0.0	3.0	0.0	0.0	1.0	1.0	1.0	0.0	2.0	0.0	0.0
OTU354	18.0	2.0	3.0	4.0	8.0	8.0	2.0	10.0	21.0	17.0	15.0	5.0
OTU355	0.0	0.0	0.0	0.0	0.0	0.0	2.0	0.0	2.0	1.0	0.0	0.0
OTU356	0.0	1.0	0.0	0.0	1.0	6.0	5.0	1.0	0.0	0.0	0.0	6.0
OTU357	0.0	0.0	0.0	0.0	0.0	1.0	0.0	0.0	0.0	2.0	0.0	0.0
OTU358	1.0	0.0	0.0	0.0	7.0	0.0	0.0	0.0	0.0	0.0	0.0	8.0
OTU359	5.0	1.0	1.0	0.0	4.0	2.0	2.0	1.0	2.0	0.0	0.0	22.0
OTU36	2.0	0.0	5.0	1.0	97.0	3.0	0.0	0.0	2.0	1.0	0.0	0.0
OTU360	0.0	0.0	1.0	1.0	2.0	1.0	46.0	0.0	4.0	1.0	0.0	2.0
OTU361	0.0	0.0	0.0	0.0	0.0	0.0	1.0	0.0	0.0	1.0	0.0	6.0
OTU362	13.0	4.0	2.0	3.0	1.0	2.0	2.0	2.0	8.0	9.0	2.0	4.0
OTU363	164.0	41.0	450.0	55.0	198.0	49.0	140.0	195.0	122.0	62.0	30.0	6.0
OTU364	8.0	23.0	7.0	11.0	1.0	24.0	5.0	10.0	4.0	11.0	5.0	52.0
OTU365	0.0	0.0	0.0	4.0	6.0	6.0	5.0	0.0	5.0	0.0	0.0	6.0
OTU366	1.0	1.0	0.0	1.0	0.0	3.0	0.0	0.0	0.0	1.0	0.0	5.0
OTU367	0.0	0.0	1.0	1.0	1.0	1.0	1.0	1.0	1.0	2.0	0.0	14.0
OTU368	0.0	0.0	0.0	1.0	1.0	0.0	3.0	0.0	0.0	0.0	0.0	9.0
OTU369	0.0	0.0	2.0	2.0	0.0	0.0	0.0	0.0	1.0	0.0	0.0	0.0
OTU37	0.0	0.0	0.0	0.0	0.0	0.0	0.0	0.0	0.0	0.0	0.0	2.0
OTU370	0.0	1.0	0.0	1.0	0.0	0.0	1.0	0.0	0.0	0.0	0.0	0.0
OTU371	0.0	0.0	3.0	1.0	7.0	10.0	2.0	4.0	0.0	1.0	0.0	8.0
OTU372	2.0	3.0	2.0	0.0	0.0	0.0	8.0	0.0	1.0	4.0	0.0	30.0
OTU373	0.0	0.0	0.0	1.0	0.0	2.0	0.0	1.0	0.0	0.0	0.0	1.0
OTU374	2.0	0.0	0.0	1.0	0.0	0.0	0.0	0.0	0.0	1.0	0.0	0.0
OTU375	0.0	3.0	4.0	1.0	2.0	2.0	4.0	0.0	2.0	1.0	0.0	7.0
OTU376	0.0	0.0	0.0	1.0	1.0	0.0	3.0	0.0	2.0	1.0	0.0	33.0
OTU377	2.0	7.0	0.0	3.0	1.0	1.0	0.0	2.0	0.0	3.0	0.0	2.0
OTU378	0.0	12.0	6.0	7.0	2.0	2.0	4.0	4.0	2.0	5.0	1.0	0.0
OTU379	34.0	1.0	33.0	0.0	4.0	13.0	8.0	38.0	10.0	8.0	2.0	42.0
OTU38	22.0	8.0	15.0	11.0	7.0	4.0	2.0	7.0	19.0	18.0	9.0	15.0
OTU380	0.0	0.0	1.0	0.0	0.0	2.0	0.0	0.0	0.0	0.0	0.0	1.0
OTU381	0.0	0.0	0.0	0.0	0.0	1.0	0.0	0.0	4.0	0.0	0.0	3.0
OTU382	7.0	1.0	13.0	1.0	0.0	0.0	6.0	1.0	2.0	0.0	1.0	9.0
OTU383	0.0	3.0	0.0	1.0	2.0	0.0	0.0	0.0	0.0	0.0	0.0	0.0
OTU384	0.0	1.0	0.0	0.0	0.0	1.0	0.0	0.0	0.0	1.0	0.0	4.0
OTU385	0.0	0.0	3.0	1.0	0.0	0.0	0.0	0.0	1.0	1.0	0.0	0.0
OTU386	23.0	6.0	396.0	853.0	261.0	9.0	98.0	12.0	11.0	14.0	0.0	58.0
OTU387	4.0	8.0	11.0	28.0	62.0	7.0	49.0	0.0	28.0	110.0	1.0	0.0
OTU388	30.0	98.0	32.0	9.0	3.0	28.0	21.0	33.0	9.0	14.0	2.0	20.0
OTU389	0.0	0.0	1.0	0.0	0.0	0.0	0.0	0.0	0.0	0.0	0.0	1.0
OTU39	1.0	4.0	1.0	2.0	1.0	4.0	1.0	2.0	0.0	4.0	0.0	5.0
OTU390	5.0	2.0	5.0	5.0	0.0	1.0	2.0	5.0	0.0	4.0	0.0	2.0
OTU391	0.0	0.0	4.0	0.0	2.0	1.0	2.0	0.0	1.0	1.0	0.0	3.0
OTU392	77.0	0.0	36.0	0.0	49.0	8.0	0.0	0.0	2.0	0.0	0.0	0.0
OTU393	11.0	3.0	9.0	3.0	1.0	2.0	9.0	10.0	0.0	5.0	0.0	2.0
OTU394	0.0	0.0	0.0	0.0	0.0	0.0	0.0	0.0	0.0	0.0	0.0	2.0
OTU395	1.0	3.0	0.0	0.0	0.0	9.0	0.0	5.0	2.0	3.0	0.0	0.0
OTU396	0.0	0.0	0.0	0.0	0.0	0.0	149.0	7.0	2.0	0.0	0.0	0.0
OTU397	0.0	1.0	0.0	3.0	1.0	35.0	3322.0	1021.0	54.0	1.0	0.0	5.0
OTU398	29.0	8.0	6.0	10.0	13.0	11.0	4.0	16.0	22.0	20.0	20.0	19.0
OTU399	0.0	0.0	1.0	0.0	0.0	0.0	4.0	0.0	0.0	0.0	0.0	1.0
OTU4	5.0	7.0	1.0	6.0	2.0	25.0	0.0	4.0	4.0	24.0	11.0	42.0
OTU40	2.0	23.0	2.0	7.0	2.0	17.0	7.0	3.0	5.0	8.0	2.0	3.0
OTU400	5.0	0.0	10.0	4.0	2.0	5.0	1.0	7.0	4.0	2.0	0.0	2.0
OTU401	1.0	0.0	1.0	0.0	0.0	0.0	0.0	0.0	0.0	0.0	0.0	0.0
OTU402	0.0	0.0	1.0	0.0	0.0	0.0	1.0	0.0	0.0	0.0	0.0	2.0
OTU403	1.0	0.0	0.0	0.0	0.0	3.0	1.0	1.0	0.0	0.0	0.0	0.0
OTU404	3.0	0.0	5.0	1.0	2.0	6.0	1.0	2.0	2.0	1.0	0.0	8.0
OTU405	0.0	0.0	0.0	0.0	0.0	0.0	0.0	2.0	2.0	0.0	0.0	8.0
OTU406	0.0	0.0	15.0	2.0	0.0	42.0	1.0	0.0	0.0	9.0	0.0	103.0
OTU407	0.0	0.0	0.0	0.0	0.0	0.0	0.0	0.0	1.0	1.0	0.0	2.0
OTU408	0.0	0.0	0.0	0.0	0.0	0.0	0.0	0.0	1.0	1.0	0.0	0.0
OTU409	0.0	0.0	2.0	17.0	3.0	23.0	70.0	0.0	1.0	0.0	0.0	278.0
OTU41	19.0	25.0	10.0	9.0	4.0	5.0	16.0	29.0	8.0	2.0	11.0	6.0
OTU410	18.0	49.0	9.0	3.0	0.0	12.0	9.0	9.0	8.0	1.0	2.0	42.0
OTU411	3.0	1.0	6.0	2.0	3.0	1.0	2.0	0.0	4.0	2.0	7.0	0.0
OTU412	0.0	0.0	2.0	0.0	0.0	0.0	1.0	0.0	0.0	0.0	0.0	0.0
OTU413	0.0	1.0	4.0	1.0	3.0	0.0	0.0	0.0	0.0	0.0	0.0	0.0
OTU414	0.0	0.0	1.0	0.0	1.0	1.0	0.0	1.0	0.0	1.0	0.0	0.0
OTU415	0.0	0.0	0.0	56.0	1.0	1.0	0.0	0.0	0.0	13.0	0.0	0.0
OTU416	64.0	17.0	12.0	11.0	44.0	11.0	22.0	8.0	22.0	5.0	10.0	32.0
OTU417	1.0	0.0	2.0	0.0	0.0	0.0	0.0	0.0	0.0	0.0	0.0	1.0
OTU418	0.0	1.0	0.0	0.0	0.0	0.0	0.0	0.0	0.0	0.0	0.0	4.0
OTU419	4.0	0.0	0.0	1.0	3.0	3.0	0.0	1.0	2.0	0.0	0.0	45.0
OTU42	0.0	1.0	3.0	2.0	1.0	1.0	0.0	1.0	0.0	0.0	0.0	29.0
OTU420	0.0	10.0	0.0	0.0	0.0	0.0	12.0	1.0	0.0	0.0	0.0	0.0
OTU421	2.0	0.0	0.0	0.0	0.0	0.0	0.0	1.0	0.0	1.0	0.0	0.0
OTU422	0.0	0.0	3.0	3.0	1.0	1.0	5.0	0.0	1.0	1.0	0.0	0.0
OTU423	3.0	1.0	1.0	2.0	0.0	1.0	10.0	0.0	2.0	0.0	0.0	2.0
OTU424	0.0	1.0	0.0	0.0	0.0	0.0	0.0	0.0	0.0	0.0	0.0	1.0
OTU425	1.0	0.0	0.0	1.0	3.0	4.0	0.0	1.0	0.0	6.0	0.0	2.0
OTU426	0.0	0.0	28.0	28.0	7.0	22.0	24.0	29.0	9.0	11.0	1.0	7.0
OTU427	1156.0	330.0	486.0	494.0	826.0	356.0	59.0	378.0	195.0	699.0	395.0	136.0
OTU428	0.0	0.0	3.0	2.0	1.0	7.0	1.0	6.0	4.0	2.0	0.0	13.0
OTU429	1.0	0.0	0.0	0.0	0.0	0.0	1.0	0.0	1.0	0.0	0.0	0.0
OTU43	0.0	0.0	2.0	0.0	0.0	0.0	8.0	1.0	0.0	0.0	0.0	1.0
OTU430	0.0	0.0	0.0	0.0	0.0	0.0	0.0	0.0	0.0	0.0	0.0	32.0
OTU431	7.0	8.0	0.0	6.0	4.0	13.0	6.0	2.0	0.0	1.0	0.0	81.0
OTU432	0.0	1.0	0.0	0.0	0.0	1.0	1.0	0.0	3.0	0.0	0.0	3.0
OTU433	0.0	0.0	0.0	1.0	0.0	1.0	0.0	0.0	0.0	0.0	0.0	1.0
OTU434	1.0	0.0	0.0	0.0	1.0	0.0	4.0	1.0	2.0	0.0	0.0	0.0
OTU435	2.0	0.0	2.0	0.0	1.0	0.0	0.0	5.0	6.0	0.0	0.0	0.0
OTU436	1.0	2.0	4.0	0.0	0.0	1.0	5.0	1.0	1.0	0.0	0.0	11.0
OTU437	2.0	2.0	0.0	1.0	0.0	0.0	0.0	4.0	1.0	0.0	0.0	1.0
OTU438	71.0	107.0	40.0	37.0	23.0	138.0	54.0	167.0	87.0	206.0	87.0	251.0
OTU439	44.0	3.0	6.0	14.0	22.0	6.0	6.0	1.0	8.0	3.0	1.0	0.0
OTU44	16.0	30.0	6.0	4.0	1.0	12.0	22.0	11.0	2.0	62.0	2.0	53.0
OTU440	1.0	0.0	1.0	1.0	2.0	0.0	1.0	1.0	1.0	0.0	0.0	3.0
OTU441	5.0	0.0	3.0	1.0	4.0	1.0	0.0	3.0	1.0	2.0	0.0	12.0
OTU442	2.0	1.0	0.0	0.0	0.0	0.0	0.0	0.0	0.0	0.0	0.0	0.0
OTU443	17.0	104.0	1.0	11.0	10.0	156.0	412.0	67.0	96.0	75.0	34.0	69.0
OTU444	0.0	4.0	0.0	0.0	0.0	0.0	4.0	2.0	1.0	1.0	0.0	0.0
OTU445	1.0	3.0	0.0	2.0	0.0	2.0	5.0	2.0	0.0	0.0	2.0	2.0
OTU446	0.0	0.0	1.0	0.0	0.0	0.0	1.0	2.0	5.0	0.0	0.0	0.0
OTU447	0.0	0.0	0.0	0.0	0.0	0.0	0.0	4.0	0.0	0.0	0.0	0.0
OTU448	0.0	0.0	0.0	1.0	0.0	2.0	1.0	1.0	1.0	0.0	0.0	2.0
OTU449	22.0	57.0	10.0	2.0	9.0	1.0	25.0	25.0	50.0	0.0	6.0	80.0
OTU45	6.0	1.0	4.0	1.0	2.0	0.0	2.0	2.0	1.0	5.0	0.0	0.0
OTU450	0.0	0.0	3.0	1.0	0.0	0.0	1.0	0.0	2.0	2.0	1.0	0.0
OTU451	3.0	0.0	9.0	1.0	0.0	1.0	2.0	0.0	0.0	0.0	0.0	3.0
OTU452	0.0	2.0	0.0	0.0	1.0	0.0	0.0	1.0	2.0	0.0	0.0	2.0
OTU453	0.0	0.0	2.0	2.0	1.0	1.0	0.0	0.0	0.0	0.0	0.0	0.0
OTU454	0.0	0.0	1.0	0.0	0.0	0.0	2.0	0.0	0.0	0.0	0.0	0.0
OTU455	0.0	0.0	71.0	8.0	0.0	106.0	2.0	0.0	1.0	0.0	0.0	83.0
OTU456	19.0	1.0	0.0	4.0	0.0	1.0	18.0	0.0	0.0	11.0	2.0	65.0
OTU457	0.0	0.0	0.0	1.0	2.0	0.0	0.0	0.0	0.0	0.0	0.0	3.0
OTU458	3.0	6.0	0.0	0.0	42.0	0.0	0.0	0.0	0.0	0.0	0.0	0.0
OTU459	0.0	0.0	4.0	1.0	0.0	2.0	0.0	0.0	0.0	0.0	0.0	0.0
OTU46	0.0	0.0	0.0	0.0	1.0	0.0	0.0	0.0	0.0	0.0	0.0	1.0
OTU460	0.0	0.0	0.0	7.0	0.0	0.0	0.0	0.0	0.0	0.0	0.0	0.0
OTU461	1.0	18.0	0.0	1.0	5.0	0.0	9.0	3.0	7.0	4.0	0.0	0.0
OTU462	0.0	0.0	1.0	7.0	0.0	0.0	474.0	35.0	0.0	0.0	0.0	296.0
OTU463	2.0	0.0	0.0	0.0	0.0	0.0	0.0	0.0	0.0	0.0	0.0	0.0
OTU464	13.0	14.0	4.0	3.0	4.0	2.0	3.0	2.0	0.0	3.0	0.0	0.0
OTU465	0.0	1.0	0.0	4.0	4.0	0.0	10.0	1.0	0.0	1.0	1.0	2.0
OTU466	0.0	0.0	1.0	0.0	0.0	1.0	0.0	0.0	0.0	0.0	0.0	0.0
OTU467	1.0	1.0	15.0	3.0	1.0	5.0	6.0	0.0	3.0	0.0	0.0	0.0
OTU468	0.0	0.0	0.0	0.0	0.0	0.0	4.0	0.0	0.0	0.0	0.0	0.0
OTU469	173.0	123.0	93.0	74.0	47.0	38.0	170.0	187.0	204.0	75.0	130.0	254.0
OTU47	0.0	6.0	1.0	3.0	2.0	3.0	15.0	3.0	1.0	2.0	0.0	9.0
OTU470	0.0	2.0	0.0	2.0	2.0	2.0	1.0	2.0	19.0	3.0	4.0	51.0
OTU471	0.0	0.0	0.0	0.0	0.0	0.0	2.0	1.0	0.0	0.0	0.0	1.0
OTU472	0.0	1.0	0.0	0.0	0.0	1.0	0.0	0.0	1.0	1.0	0.0	2.0
OTU473	0.0	123.0	0.0	5.0	0.0	0.0	0.0	1.0	0.0	0.0	0.0	0.0
OTU474	0.0	1.0	2.0	7.0	2.0	5.0	7.0	5.0	2.0	0.0	0.0	58.0
OTU475	14.0	1.0	0.0	1.0	13.0	0.0	9.0	1.0	4.0	0.0	0.0	8.0
OTU476	0.0	2.0	2.0	2.0	1.0	2.0	3.0	1.0	0.0	0.0	0.0	1.0
OTU477	0.0	1.0	0.0	0.0	1.0	2.0	0.0	0.0	0.0	0.0	0.0	0.0
OTU478	0.0	0.0	1.0	0.0	0.0	0.0	1.0	0.0	0.0	0.0	0.0	0.0
OTU479	14.0	5.0	4.0	1.0	0.0	0.0	5.0	15.0	3.0	0.0	0.0	5.0
OTU48	0.0	0.0	2.0	0.0	0.0	0.0	0.0	0.0	0.0	0.0	0.0	0.0
OTU480	0.0	0.0	0.0	30.0	7.0	0.0	65.0	0.0	6.0	0.0	1.0	0.0
OTU481	19.0	6.0	4.0	7.0	3.0	5.0	4.0	27.0	12.0	7.0	2.0	2.0
OTU482	0.0	0.0	0.0	6.0	2.0	1.0	1.0	0.0	6.0	2.0	0.0	0.0
OTU483	13.0	1.0	5.0	2.0	5.0	0.0	1.0	6.0	1.0	0.0	1.0	0.0
OTU484	0.0	0.0	0.0	0.0	0.0	0.0	1.0	0.0	0.0	0.0	0.0	2.0
OTU485	1.0	0.0	6.0	1.0	2.0	2.0	46.0	2.0	1.0	0.0	0.0	0.0
OTU486	0.0	0.0	20.0	2.0	0.0	30.0	1.0	0.0	0.0	0.0	0.0	33.0
OTU487	0.0	9.0	5.0	14.0	0.0	4.0	5.0	19.0	6.0	3.0	3.0	1.0
OTU488	0.0	0.0	0.0	0.0	0.0	1.0	0.0	0.0	0.0	0.0	0.0	7.0
OTU489	0.0	0.0	0.0	0.0	4.0	0.0	0.0	0.0	0.0	0.0	0.0	0.0
OTU49	0.0	0.0	1.0	0.0	0.0	0.0	1.0	0.0	0.0	0.0	0.0	1.0
OTU490	2.0	2.0	2.0	2.0	1.0	2.0	7.0	4.0	0.0	0.0	0.0	10.0
OTU491	90.0	458.0	8.0	141.0	62.0	324.0	467.0	554.0	469.0	417.0	59.0	271.0
OTU492	0.0	0.0	15.0	0.0	1.0	0.0	20.0	0.0	1.0	0.0	0.0	0.0
OTU493	0.0	0.0	0.0	1.0	0.0	0.0	0.0	1.0	1.0	0.0	0.0	0.0
OTU494	1.0	0.0	9.0	1.0	0.0	2.0	2.0	0.0	0.0	0.0	0.0	5.0
OTU495	0.0	0.0	0.0	0.0	0.0	0.0	8.0	0.0	0.0	0.0	0.0	0.0
OTU496	0.0	0.0	0.0	0.0	0.0	0.0	0.0	0.0	0.0	0.0	0.0	5.0
OTU497	0.0	0.0	0.0	1.0	0.0	8.0	0.0	0.0	0.0	0.0	0.0	6.0
OTU498	0.0	0.0	0.0	0.0	0.0	0.0	0.0	0.0	0.0	0.0	0.0	257.0
OTU499	0.0	0.0	0.0	0.0	2.0	1.0	0.0	0.0	0.0	0.0	0.0	0.0
OTU5	0.0	1.0	0.0	0.0	0.0	0.0	0.0	0.0	0.0	1.0	0.0	1.0
OTU50	0.0	0.0	0.0	0.0	0.0	0.0	0.0	2.0	4.0	0.0	0.0	1.0
OTU500	1.0	0.0	40.0	0.0	12.0	3.0	2.0	0.0	2.0	0.0	0.0	2.0
OTU501	1.0	0.0	0.0	3.0	0.0	3.0	2.0	0.0	0.0	0.0	0.0	3.0
OTU502	0.0	2.0	2.0	0.0	1.0	0.0	0.0	0.0	3.0	0.0	0.0	38.0
OTU503	0.0	1.0	0.0	0.0	0.0	0.0	0.0	0.0	0.0	0.0	0.0	2.0
OTU504	0.0	5.0	0.0	3.0	1.0	14.0	3.0	7.0	2.0	2.0	0.0	7.0
OTU505	2.0	0.0	0.0	2.0	0.0	0.0	5.0	0.0	0.0	0.0	0.0	0.0
OTU506	0.0	0.0	0.0	0.0	0.0	0.0	1.0	0.0	0.0	1.0	0.0	0.0
OTU507	2.0	5.0	26.0	0.0	1.0	0.0	0.0	0.0	0.0	0.0	0.0	0.0
OTU508	0.0	0.0	0.0	0.0	0.0	0.0	2.0	0.0	4.0	0.0	0.0	0.0
OTU509	0.0	0.0	20.0	0.0	1.0	0.0	0.0	0.0	0.0	6.0	0.0	10.0
OTU51	10.0	0.0	1.0	2.0	0.0	2.0	9.0	3.0	1.0	1.0	1.0	3.0
OTU510	0.0	0.0	3.0	2.0	4.0	0.0	2.0	0.0	0.0	0.0	6.0	7.0
OTU511	0.0	0.0	0.0	0.0	0.0	0.0	0.0	0.0	0.0	0.0	0.0	12.0
OTU512	1.0	1.0	0.0	0.0	1.0	1.0	0.0	2.0	0.0	1.0	0.0	2.0
OTU513	0.0	0.0	5.0	0.0	0.0	0.0	0.0	0.0	0.0	0.0	0.0	7.0
OTU514	0.0	1.0	10.0	0.0	2.0	1.0	4.0	1.0	2.0	17.0	0.0	8.0
OTU515	0.0	4.0	0.0	0.0	0.0	0.0	0.0	0.0	0.0	0.0	0.0	0.0
OTU516	1.0	0.0	0.0	0.0	0.0	0.0	0.0	2.0	7.0	1.0	0.0	0.0
OTU517	0.0	19.0	2.0	0.0	1.0	2.0	0.0	2.0	4.0	1.0	0.0	0.0
OTU518	2.0	0.0	0.0	0.0	3.0	0.0	1.0	0.0	0.0	0.0	0.0	20.0
OTU519	3.0	5.0	0.0	0.0	0.0	0.0	0.0	0.0	0.0	0.0	0.0	0.0
OTU52	7.0	6.0	3.0	5.0	2.0	12.0	4.0	12.0	3.0	7.0	1.0	50.0
OTU520	0.0	1.0	1.0	0.0	2.0	1.0	0.0	0.0	0.0	0.0	0.0	0.0
OTU521	2.0	0.0	3.0	0.0	1.0	2.0	2.0	0.0	0.0	0.0	0.0	0.0
OTU522	0.0	0.0	0.0	0.0	0.0	0.0	0.0	2.0	1.0	0.0	0.0	0.0
OTU523	1.0	8.0	3.0	0.0	0.0	0.0	0.0	1.0	1.0	0.0	0.0	8.0
OTU524	37.0	10.0	19.0	27.0	9.0	4.0	17.0	3.0	10.0	2.0	6.0	1.0
OTU525	1.0	6.0	2.0	2.0	0.0	0.0	0.0	3.0	1.0	1.0	2.0	10.0
OTU526	0.0	0.0	0.0	0.0	0.0	1.0	0.0	0.0	0.0	0.0	0.0	5.0
OTU527	3.0	6.0	6.0	5.0	1.0	0.0	8.0	5.0	0.0	8.0	0.0	6.0
OTU528	1.0	1.0	0.0	0.0	0.0	2.0	1.0	0.0	0.0	0.0	1.0	0.0
OTU529	126.0	11.0	109.0	34.0	26.0	40.0	4.0	74.0	93.0	134.0	27.0	13.0
OTU53	30.0	0.0	60.0	0.0	3.0	3.0	5.0	0.0	72.0	2.0	0.0	0.0
OTU530	1.0	0.0	1.0	1.0	0.0	0.0	0.0	1.0	0.0	0.0	0.0	0.0
OTU531	22.0	3.0	14.0	9.0	7.0	3.0	3.0	6.0	2.0	5.0	6.0	7.0
OTU532	1.0	0.0	2.0	0.0	0.0	0.0	0.0	0.0	0.0	0.0	0.0	0.0
OTU533	2.0	2.0	3.0	1.0	1.0	1.0	1.0	0.0	1.0	0.0	0.0	0.0
OTU534	0.0	0.0	0.0	0.0	3.0	0.0	0.0	0.0	33.0	0.0	0.0	30.0
OTU535	0.0	1.0	0.0	1.0	1.0	0.0	0.0	0.0	0.0	0.0	0.0	0.0
OTU536	0.0	0.0	0.0	0.0	0.0	0.0	6.0	0.0	0.0	0.0	0.0	0.0
OTU537	1.0	1.0	6.0	0.0	3.0	6.0	5.0	0.0	3.0	2.0	0.0	21.0
OTU538	7.0	3.0	0.0	0.0	0.0	0.0	0.0	0.0	0.0	2.0	0.0	0.0
OTU539	0.0	0.0	0.0	5.0	1.0	0.0	2.0	0.0	2.0	1.0	0.0	14.0
OTU54	0.0	0.0	1.0	0.0	1.0	0.0	1.0	0.0	0.0	0.0	0.0	0.0
OTU540	1.0	9.0	9.0	5.0	0.0	0.0	0.0	0.0	0.0	0.0	0.0	0.0
OTU541	0.0	0.0	66.0	0.0	3.0	0.0	1.0	2.0	1.0	5.0	0.0	68.0
OTU542	5.0	0.0	0.0	0.0	1.0	1.0	2.0	0.0	0.0	0.0	1.0	0.0
OTU543	0.0	0.0	11.0	2.0	0.0	4.0	9.0	0.0	0.0	0.0	0.0	11.0
OTU544	9.0	1.0	13.0	2.0	4.0	1.0	10.0	21.0	5.0	24.0	4.0	11.0
OTU545	0.0	0.0	0.0	0.0	0.0	0.0	1.0	0.0	0.0	0.0	0.0	3.0
OTU546	4.0	50.0	8.0	30.0	7.0	108.0	18.0	105.0	19.0	17.0	5.0	115.0
OTU547	0.0	0.0	1.0	0.0	0.0	0.0	0.0	0.0	0.0	0.0	0.0	3.0
OTU548	0.0	0.0	0.0	0.0	0.0	0.0	1.0	10.0	0.0	0.0	0.0	1.0
OTU549	1.0	0.0	1.0	0.0	0.0	0.0	2.0	0.0	0.0	0.0	0.0	4.0
OTU55	2.0	2.0	7.0	5.0	4.0	5.0	3.0	41.0	0.0	3.0	1.0	0.0
OTU550	1.0	0.0	0.0	0.0	0.0	0.0	1.0	1.0	2.0	0.0	0.0	0.0
OTU551	0.0	0.0	0.0	0.0	1.0	8.0	48.0	0.0	0.0	0.0	0.0	31.0
OTU552	33.0	5.0	2.0	0.0	0.0	0.0	3.0	10.0	0.0	2.0	0.0	1.0
OTU553	3.0	14.0	0.0	7.0	3.0	23.0	39.0	6.0	9.0	4.0	0.0	55.0
OTU554	7.0	18.0	5.0	8.0	4.0	46.0	0.0	3.0	33.0	46.0	12.0	17.0
OTU555	44.0	6.0	16.0	16.0	7.0	65.0	29.0	25.0	37.0	1.0	0.0	71.0
OTU556	0.0	0.0	0.0	0.0	0.0	0.0	1.0	1879.0	0.0	0.0	0.0	0.0
OTU557	6.0	11.0	0.0	6.0	12.0	54.0	12.0	27.0	11.0	32.0	6.0	52.0
OTU558	0.0	0.0	0.0	0.0	1.0	0.0	0.0	0.0	0.0	0.0	0.0	10.0
OTU559	0.0	0.0	1.0	0.0	0.0	0.0	1.0	0.0	0.0	0.0	0.0	0.0
OTU56	0.0	0.0	2.0	1.0	4.0	0.0	0.0	0.0	0.0	10.0	0.0	0.0
OTU560	0.0	3.0	0.0	0.0	0.0	1.0	3.0	0.0	0.0	0.0	0.0	24.0
OTU561	0.0	0.0	1.0	111.0	0.0	0.0	141.0	0.0	5.0	0.0	0.0	0.0
OTU562	8.0	18.0	2.0	1.0	0.0	2.0	13.0	32.0	20.0	0.0	1.0	7.0
OTU563	86.0	311.0	36.0	32.0	5.0	202.0	4.0	32.0	9.0	26.0	23.0	184.0
OTU564	59.0	22.0	18.0	48.0	19.0	7.0	227.0	329.0	292.0	22.0	25.0	10.0
OTU565	123.0	40.0	26.0	0.0	64.0	159.0	198.0	24.0	12.0	76.0	5.0	544.0
OTU566	0.0	0.0	0.0	0.0	0.0	1.0	0.0	0.0	6.0	0.0	0.0	0.0
OTU567	0.0	1.0	1.0	0.0	0.0	0.0	0.0	0.0	2.0	2.0	0.0	1.0
OTU568	47.0	26.0	90.0	15.0	18.0	8.0	17.0	14.0	14.0	37.0	13.0	6.0
OTU569	0.0	7.0	0.0	0.0	0.0	0.0	0.0	0.0	0.0	0.0	0.0	0.0
OTU57	0.0	0.0	3.0	0.0	0.0	1.0	0.0	0.0	0.0	0.0	0.0	0.0
OTU570	0.0	0.0	0.0	0.0	1.0	2.0	0.0	3.0	1.0	0.0	0.0	58.0
OTU571	0.0	0.0	0.0	9.0	0.0	0.0	0.0	0.0	0.0	0.0	0.0	0.0
OTU572	0.0	3.0	3.0	0.0	0.0	2.0	0.0	0.0	0.0	0.0	1.0	18.0
OTU573	1.0	3.0	10.0	2.0	4.0	1.0	5.0	2.0	0.0	1.0	0.0	0.0
OTU574	0.0	0.0	3.0	1.0	0.0	2.0	3.0	0.0	0.0	0.0	1.0	5.0
OTU575	5.0	0.0	4.0	13.0	2.0	35.0	12.0	0.0	0.0	0.0	2.0	0.0
OTU576	1.0	0.0	0.0	1.0	1.0	0.0	0.0	3.0	1.0	1.0	0.0	0.0
OTU577	46.0	83.0	1.0	52.0	18.0	119.0	56.0	262.0	214.0	95.0	14.0	131.0
OTU578	0.0	0.0	1.0	0.0	3.0	0.0	0.0	0.0	1.0	0.0	0.0	1.0
OTU579	14552.0	22407.0	2351.0	1999.0	2138.0	1284.0	529.0	936.0	1367.0	1019.0	936.0	577.0
OTU58	0.0	0.0	11.0	85.0	0.0	1.0	0.0	6.0	1.0	0.0	0.0	0.0
OTU580	0.0	0.0	0.0	0.0	1.0	0.0	2.0	0.0	0.0	0.0	0.0	44.0
OTU581	0.0	0.0	1.0	0.0	2.0	0.0	0.0	0.0	0.0	0.0	0.0	0.0
OTU582	2.0	2.0	0.0	12.0	3.0	0.0	14.0	0.0	0.0	0.0	0.0	0.0
OTU583	0.0	0.0	4.0	0.0	0.0	0.0	0.0	0.0	0.0	0.0	0.0	0.0
OTU584	1.0	0.0	0.0	0.0	0.0	0.0	1.0	1.0	0.0	1.0	0.0	0.0
OTU585	0.0	2.0	14.0	0.0	2.0	0.0	0.0	0.0	0.0	0.0	0.0	0.0
OTU586	6.0	7.0	0.0	2.0	2.0	2.0	0.0	10.0	0.0	3.0	2.0	10.0
OTU587	0.0	0.0	0.0	0.0	0.0	0.0	2.0	2.0	0.0	0.0	0.0	2.0
OTU588	1.0	0.0	0.0	0.0	2.0	0.0	7.0	0.0	1.0	0.0	0.0	0.0
OTU589	0.0	0.0	21.0	3.0	101.0	5.0	50.0	0.0	0.0	0.0	0.0	13.0
OTU59	0.0	0.0	4.0	0.0	0.0	0.0	0.0	0.0	0.0	0.0	0.0	0.0
OTU590	21.0	0.0	0.0	0.0	0.0	0.0	0.0	0.0	3.0	0.0	0.0	0.0
OTU591	56.0	61.0	36.0	89.0	21.0	29.0	9.0	16.0	9.0	36.0	4.0	5.0
OTU592	1.0	0.0	32.0	2.0	0.0	3.0	3.0	0.0	0.0	2.0	0.0	47.0
OTU593	4.0	2.0	0.0	1.0	1.0	1.0	0.0	5.0	8.0	2.0	0.0	4.0
OTU594	0.0	0.0	0.0	16.0	1.0	1.0	0.0	0.0	0.0	48.0	0.0	17.0
OTU595	0.0	0.0	4.0	0.0	0.0	1.0	0.0	0.0	0.0	0.0	0.0	0.0
OTU596	2.0	16.0	8.0	29.0	0.0	30.0	1.0	0.0	0.0	4.0	0.0	0.0
OTU597	0.0	0.0	0.0	0.0	0.0	1.0	0.0	1.0	0.0	0.0	0.0	0.0
OTU598	233.0	68.0	125.0	64.0	112.0	74.0	25.0	107.0	392.0	166.0	265.0	122.0
OTU599	2.0	0.0	6.0	0.0	2.0	0.0	1.0	0.0	0.0	3.0	0.0	3.0
OTU6	842.0	2102.0	115.0	221.0	213.0	770.0	166.0	291.0	409.0	290.0	368.0	582.0
OTU60	0.0	1.0	0.0	0.0	0.0	0.0	1.0	0.0	0.0	0.0	0.0	0.0
OTU600	1.0	0.0	1.0	2.0	0.0	1.0	1.0	0.0	0.0	1.0	0.0	1.0
OTU601	0.0	0.0	3.0	3.0	0.0	0.0	0.0	0.0	1.0	1.0	0.0	0.0
OTU602	10.0	6.0	0.0	3.0	0.0	0.0	0.0	1.0	3.0	0.0	1.0	1.0
OTU603	0.0	0.0	0.0	0.0	0.0	2.0	0.0	2.0	0.0	0.0	0.0	0.0
OTU604	0.0	0.0	2.0	0.0	3.0	1.0	5.0	0.0	0.0	1.0	0.0	6.0
OTU605	2.0	0.0	0.0	0.0	0.0	0.0	0.0	1.0	4.0	1.0	1.0	1.0
OTU606	35.0	24.0	2.0	38.0	12.0	7.0	76.0	14.0	31.0	0.0	0.0	1.0
OTU607	0.0	1.0	0.0	0.0	0.0	0.0	1.0	0.0	0.0	0.0	0.0	2.0
OTU608	49.0	143.0	69.0	59.0	8.0	67.0	0.0	17.0	5.0	62.0	2.0	178.0
OTU609	0.0	1.0	0.0	1.0	1.0	0.0	2.0	0.0	0.0	5.0	0.0	0.0
OTU61	0.0	0.0	2.0	0.0	1.0	0.0	2.0	0.0	1.0	0.0	0.0	0.0
OTU610	3.0	2.0	1.0	2.0	0.0	1.0	8.0	6.0	0.0	4.0	0.0	5.0
OTU611	0.0	0.0	0.0	0.0	0.0	0.0	32.0	0.0	1.0	0.0	0.0	0.0
OTU612	0.0	0.0	0.0	3.0	0.0	0.0	0.0	0.0	0.0	1.0	0.0	0.0
OTU613	0.0	0.0	1.0	0.0	1.0	2.0	5.0	0.0	0.0	0.0	0.0	0.0
OTU614	0.0	0.0	0.0	0.0	0.0	2.0	12.0	0.0	0.0	0.0	0.0	11.0
OTU615	0.0	0.0	2.0	1.0	0.0	2.0	0.0	0.0	0.0	0.0	0.0	1.0
OTU616	5.0	0.0	4.0	0.0	1.0	1.0	0.0	0.0	3.0	5.0	1.0	3.0
OTU617	0.0	0.0	0.0	0.0	0.0	0.0	0.0	1.0	13.0	0.0	0.0	0.0
OTU618	8.0	1.0	13.0	7.0	0.0	0.0	1.0	0.0	0.0	4.0	2.0	0.0
OTU619	0.0	0.0	0.0	1.0	0.0	0.0	0.0	0.0	0.0	2.0	0.0	6.0
OTU62	0.0	0.0	0.0	0.0	0.0	0.0	1.0	0.0	0.0	0.0	0.0	3.0
OTU620	0.0	2.0	0.0	0.0	0.0	0.0	1.0	0.0	1.0	0.0	0.0	0.0
OTU621	0.0	6.0	4.0	1.0	0.0	1.0	1.0	0.0	0.0	2.0	0.0	0.0
OTU622	0.0	2.0	0.0	1.0	0.0	1.0	0.0	1.0	0.0	0.0	0.0	0.0
OTU623	72.0	150.0	79.0	81.0	26.0	146.0	4.0	155.0	74.0	91.0	11.0	181.0
OTU624	0.0	0.0	4.0	2.0	0.0	0.0	0.0	0.0	0.0	0.0	0.0	0.0
OTU625	0.0	0.0	0.0	0.0	2.0	0.0	0.0	0.0	0.0	0.0	1.0	1.0
OTU626	0.0	0.0	0.0	0.0	0.0	2.0	2.0	0.0	0.0	0.0	0.0	0.0
OTU627	0.0	3.0	1.0	5.0	0.0	2.0	32.0	6.0	0.0	0.0	0.0	2.0
OTU628	0.0	0.0	0.0	0.0	0.0	5.0	0.0	0.0	0.0	0.0	0.0	0.0
OTU629	29.0	200.0	9.0	24.0	0.0	61.0	49.0	163.0	7.0	71.0	2.0	77.0
OTU63	0.0	1.0	1.0	2.0	0.0	2.0	2.0	0.0	0.0	1.0	0.0	1.0
OTU630	0.0	0.0	26.0	0.0	2.0	0.0	0.0	4.0	37.0	0.0	0.0	0.0
OTU631	6.0	12.0	5.0	5.0	0.0	0.0	1.0	5.0	2.0	3.0	3.0	7.0
OTU632	1.0	1.0	2.0	0.0	0.0	5.0	13.0	1.0	5.0	1.0	0.0	5.0
OTU633	0.0	0.0	0.0	2.0	0.0	1.0	1.0	1.0	5.0	0.0	0.0	1.0
OTU634	0.0	102.0	0.0	4.0	3.0	0.0	1.0	5.0	0.0	0.0	3.0	2.0
OTU635	312.0	736.0	39.0	102.0	76.0	276.0	95.0	104.0	191.0	126.0	120.0	214.0
OTU636	0.0	0.0	0.0	0.0	0.0	2.0	0.0	0.0	0.0	0.0	0.0	1.0
OTU637	19.0	45.0	8.0	3.0	49.0	27.0	99.0	0.0	27.0	0.0	0.0	276.0
OTU638	0.0	1.0	0.0	0.0	1.0	0.0	0.0	0.0	0.0	0.0	0.0	0.0
OTU639	0.0	2.0	1.0	0.0	0.0	0.0	0.0	0.0	0.0	0.0	0.0	0.0
OTU64	41.0	24.0	2.0	0.0	6.0	22.0	2.0	2.0	2.0	0.0	1.0	4.0
OTU640	2.0	2.0	8.0	4.0	10.0	6.0	2.0	6.0	27.0	40.0	4.0	6.0
OTU641	138.0	821.0	57.0	310.0	21.0	146.0	299.0	725.0	1145.0	94.0	86.0	375.0
OTU642	0.0	1.0	2.0	0.0	0.0	0.0	1.0	1.0	0.0	0.0	0.0	2.0
OTU643	0.0	0.0	0.0	2.0	0.0	0.0	0.0	0.0	0.0	0.0	0.0	78.0
OTU644	0.0	0.0	10.0	5.0	4.0	9.0	6.0	0.0	0.0	1.0	0.0	20.0
OTU645	0.0	0.0	0.0	0.0	0.0	0.0	0.0	15.0	2.0	0.0	0.0	0.0
OTU646	3.0	19.0	3.0	3.0	3.0	52.0	30.0	40.0	3.0	10.0	7.0	63.0
OTU647	1.0	4.0	0.0	1.0	0.0	9.0	2.0	4.0	1.0	1.0	0.0	63.0
OTU648	0.0	0.0	33.0	1.0	0.0	0.0	8.0	5.0	8.0	0.0	0.0	1.0
OTU649	27.0	1.0	0.0	1.0	2.0	2.0	0.0	0.0	2.0	0.0	3.0	2.0
OTU65	0.0	0.0	3.0	0.0	0.0	0.0	0.0	0.0	1.0	0.0	1.0	0.0
OTU650	0.0	0.0	0.0	0.0	0.0	34.0	0.0	0.0	0.0	11.0	0.0	75.0
OTU651	0.0	0.0	0.0	0.0	0.0	0.0	0.0	11.0	0.0	1.0	0.0	0.0
OTU652	0.0	0.0	0.0	0.0	59.0	240.0	0.0	0.0	0.0	71.0	41.0	0.0
OTU653	0.0	0.0	0.0	0.0	0.0	0.0	1.0	0.0	0.0	0.0	0.0	1.0
OTU654	0.0	0.0	1.0	0.0	28.0	4.0	1.0	0.0	0.0	0.0	0.0	1.0
OTU655	1.0	1.0	20.0	27.0	11.0	13.0	1.0	0.0	2.0	10.0	0.0	0.0
OTU656	0.0	0.0	0.0	0.0	0.0	1.0	0.0	0.0	0.0	0.0	0.0	2.0
OTU657	15.0	145.0	0.0	14.0	0.0	103.0	80.0	8.0	16.0	45.0	11.0	130.0
OTU658	1.0	0.0	5.0	2.0	1.0	1.0	0.0	2.0	4.0	2.0	0.0	4.0
OTU659	0.0	0.0	0.0	0.0	0.0	4.0	8.0	0.0	0.0	0.0	0.0	18.0
OTU66	1.0	1.0	3.0	0.0	4.0	0.0	6.0	0.0	7.0	0.0	0.0	26.0
OTU660	0.0	0.0	0.0	0.0	0.0	0.0	0.0	77.0	9.0	0.0	0.0	0.0
OTU661	2.0	0.0	0.0	0.0	0.0	0.0	0.0	0.0	0.0	0.0	0.0	5.0
OTU662	0.0	0.0	4.0	4.0	0.0	3.0	0.0	10.0	10.0	3.0	1.0	11.0
OTU663	0.0	0.0	0.0	0.0	0.0	0.0	5.0	0.0	0.0	0.0	0.0	6.0
OTU664	27.0	7.0	8.0	5.0	7.0	3.0	5.0	22.0	4.0	2.0	0.0	6.0
OTU665	0.0	5.0	0.0	0.0	0.0	0.0	2.0	1.0	1.0	0.0	0.0	3.0
OTU666	1.0	0.0	0.0	0.0	0.0	0.0	0.0	0.0	2.0	0.0	0.0	0.0
OTU667	0.0	1.0	1.0	0.0	0.0	1.0	0.0	0.0	0.0	0.0	0.0	4.0
OTU668	1.0	15.0	856.0	198.0	15.0	0.0	85.0	7.0	21.0	18.0	0.0	50.0
OTU669	0.0	1.0	0.0	0.0	1.0	1.0	0.0	0.0	0.0	1.0	0.0	0.0
OTU67	0.0	0.0	0.0	0.0	0.0	1.0	0.0	3.0	0.0	2.0	0.0	1.0
OTU670	0.0	0.0	4.0	0.0	0.0	0.0	0.0	0.0	14.0	0.0	0.0	2.0
OTU671	0.0	1.0	1.0	0.0	0.0	0.0	0.0	0.0	0.0	0.0	1.0	0.0
OTU672	8.0	0.0	0.0	0.0	0.0	6.0	1.0	0.0	1.0	3.0	1.0	10.0
OTU673	2.0	3.0	0.0	7.0	0.0	10.0	0.0	131.0	23.0	11.0	0.0	1.0
OTU674	0.0	0.0	0.0	0.0	0.0	0.0	228.0	0.0	0.0	0.0	0.0	0.0
OTU675	13.0	1.0	12.0	0.0	3.0	0.0	2.0	0.0	5.0	1.0	1.0	0.0
OTU676	0.0	0.0	0.0	0.0	0.0	0.0	0.0	0.0	0.0	2.0	0.0	0.0
OTU677	0.0	0.0	0.0	0.0	0.0	1.0	0.0	0.0	0.0	0.0	0.0	5.0
OTU678	19.0	34.0	0.0	3.0	6.0	0.0	0.0	7.0	1.0	0.0	0.0	0.0
OTU679	23.0	8.0	7.0	18.0	11.0	0.0	3.0	5.0	1.0	0.0	1.0	0.0
OTU68	0.0	0.0	1.0	1.0	0.0	1.0	0.0	0.0	0.0	0.0	0.0	6.0
OTU680	14.0	37.0	22.0	20.0	13.0	11.0	2.0	11.0	9.0	25.0	2.0	2.0
OTU681	6.0	0.0	0.0	2.0	3.0	0.0	0.0	0.0	7.0	0.0	1.0	0.0
OTU682	17.0	47.0	6.0	33.0	0.0	80.0	52.0	40.0	8.0	8.0	1.0	83.0
OTU683	0.0	0.0	0.0	8.0	6.0	0.0	1.0	1.0	0.0	0.0	0.0	16.0
OTU684	2.0	0.0	0.0	0.0	0.0	0.0	0.0	6.0	0.0	0.0	0.0	0.0
OTU685	24.0	24.0	2.0	11.0	5.0	4.0	46.0	10.0	11.0	0.0	0.0	2.0
OTU686	0.0	0.0	1.0	2.0	4.0	2.0	2.0	0.0	3.0	1.0	0.0	11.0
OTU687	0.0	0.0	0.0	0.0	1.0	0.0	0.0	2.0	2.0	3.0	1.0	1.0
OTU688	3.0	0.0	0.0	0.0	0.0	2.0	0.0	15.0	0.0	0.0	0.0	6.0
OTU689	0.0	0.0	0.0	0.0	2.0	0.0	0.0	0.0	0.0	0.0	0.0	19.0
OTU69	5.0	3.0	1.0	0.0	0.0	2.0	7.0	5.0	2.0	0.0	4.0	0.0
OTU690	1.0	0.0	0.0	0.0	2.0	2.0	0.0	1.0	1.0	0.0	0.0	0.0
OTU691	0.0	0.0	2.0	0.0	0.0	0.0	444.0	0.0	0.0	0.0	0.0	0.0
OTU692	5.0	67.0	5.0	12.0	8.0	96.0	39.0	57.0	19.0	8.0	1.0	277.0
OTU693	4.0	26.0	2.0	7.0	1.0	85.0	19.0	70.0	3.0	11.0	2.0	65.0
OTU694	0.0	0.0	3.0	0.0	0.0	0.0	5.0	0.0	0.0	0.0	0.0	10.0
OTU695	0.0	0.0	0.0	6.0	0.0	1.0	0.0	0.0	0.0	0.0	0.0	9.0
OTU696	0.0	0.0	0.0	0.0	0.0	0.0	0.0	0.0	0.0	10.0	4.0	1.0
OTU697	0.0	0.0	1.0	13.0	32.0	0.0	0.0	12.0	5.0	32.0	0.0	0.0
OTU698	1.0	0.0	0.0	1.0	0.0	6.0	0.0	7.0	2.0	0.0	2.0	0.0
OTU699	9.0	0.0	9.0	0.0	5.0	4.0	6.0	3.0	2.0	2.0	1.0	1.0
OTU7	1.0	1.0	0.0	0.0	1.0	2.0	0.0	1.0	0.0	0.0	0.0	3.0
OTU70	0.0	1.0	2.0	1.0	1.0	0.0	0.0	0.0	0.0	0.0	0.0	0.0
OTU700	0.0	4.0	0.0	26.0	32.0	34.0	6.0	0.0	0.0	0.0	0.0	3.0
OTU701	0.0	0.0	0.0	1.0	0.0	0.0	0.0	0.0	0.0	0.0	0.0	2.0
OTU702	0.0	0.0	0.0	0.0	26.0	4.0	0.0	0.0	0.0	0.0	8.0	0.0
OTU703	0.0	0.0	0.0	0.0	0.0	0.0	3.0	0.0	0.0	4.0	0.0	0.0
OTU704	7.0	8.0	10.0	0.0	1.0	4.0	0.0	15.0	1.0	24.0	1.0	47.0
OTU705	0.0	1.0	0.0	0.0	0.0	0.0	0.0	1.0	0.0	0.0	0.0	0.0
OTU706	0.0	0.0	7.0	2.0	0.0	0.0	0.0	2.0	0.0	0.0	0.0	17.0
OTU707	0.0	0.0	0.0	5.0	6.0	14.0	8.0	4.0	1.0	1.0	0.0	1.0
OTU708	7.0	13.0	6.0	1.0	0.0	2.0	11.0	6.0	1.0	0.0	0.0	4.0
OTU709	0.0	0.0	0.0	0.0	0.0	1.0	0.0	1.0	0.0	1.0	0.0	4.0
OTU71	2.0	1.0	4.0	0.0	1.0	1.0	1.0	0.0	0.0	0.0	0.0	0.0
OTU710	0.0	1.0	0.0	1.0	1.0	0.0	0.0	0.0	1.0	0.0	0.0	0.0
OTU711	1.0	3.0	0.0	1.0	0.0	0.0	1.0	0.0	0.0	1.0	0.0	0.0
OTU712	0.0	0.0	7.0	2.0	1.0	0.0	3.0	0.0	0.0	0.0	0.0	4.0
OTU713	0.0	1.0	7.0	0.0	0.0	0.0	0.0	3.0	1.0	2.0	0.0	0.0
OTU714	0.0	2.0	2.0	2.0	3.0	4.0	0.0	0.0	3.0	2.0	0.0	10.0
OTU715	4.0	9.0	0.0	1.0	2.0	4.0	2.0	1.0	3.0	9.0	0.0	15.0
OTU716	0.0	0.0	1.0	1.0	0.0	1.0	4.0	0.0	0.0	0.0	0.0	1.0
OTU717	0.0	0.0	0.0	97.0	26.0	417.0	0.0	580.0	47.0	450.0	22.0	0.0
OTU718	1.0	1.0	0.0	3.0	0.0	0.0	0.0	1.0	1.0	2.0	0.0	0.0
OTU719	0.0	4.0	0.0	4.0	0.0	0.0	2.0	1.0	0.0	0.0	0.0	0.0
OTU72	2.0	9.0	0.0	0.0	0.0	0.0	0.0	9.0	50.0	11.0	1.0	0.0
OTU720	0.0	0.0	0.0	0.0	0.0	0.0	0.0	0.0	0.0	0.0	0.0	6.0
OTU721	0.0	0.0	0.0	0.0	0.0	0.0	1.0	5.0	0.0	0.0	0.0	16.0
OTU722	0.0	1.0	1.0	0.0	0.0	2.0	0.0	0.0	0.0	0.0	0.0	0.0
OTU723	9.0	1.0	4.0	1.0	2.0	2.0	0.0	5.0	6.0	4.0	1.0	0.0
OTU724	1.0	54.0	2.0	31.0	11.0	121.0	125.0	34.0	33.0	12.0	3.0	279.0
OTU725	0.0	0.0	1.0	5.0	2.0	0.0	9.0	0.0	0.0	0.0	0.0	34.0
OTU726	2.0	1.0	0.0	3.0	0.0	0.0	1.0	0.0	1.0	0.0	0.0	5.0
OTU727	0.0	0.0	0.0	0.0	0.0	2.0	1.0	2.0	5.0	0.0	0.0	1.0
OTU728	10.0	1.0	0.0	2.0	0.0	1.0	0.0	0.0	4.0	0.0	3.0	3.0
OTU729	0.0	2.0	2.0	2.0	1.0	1.0	3.0	0.0	12.0	0.0	0.0	0.0
OTU73	1.0	0.0	0.0	1.0	0.0	8.0	0.0	0.0	0.0	0.0	0.0	4.0
OTU730	26.0	50.0	2.0	2.0	0.0	9.0	20.0	2.0	4.0	2.0	1.0	2.0
OTU731	89.0	290.0	68.0	143.0	12.0	445.0	156.0	239.0	260.0	290.0	51.0	382.0
OTU732	8.0	0.0	0.0	10.0	0.0	0.0	0.0	0.0	0.0	21.0	0.0	0.0
OTU733	0.0	0.0	0.0	0.0	0.0	0.0	0.0	1.0	1.0	0.0	0.0	0.0
OTU734	1.0	2.0	5.0	1.0	1.0	2.0	3.0	0.0	0.0	0.0	0.0	17.0
OTU735	0.0	0.0	0.0	1.0	0.0	0.0	0.0	0.0	2.0	0.0	0.0	1.0
OTU736	18.0	6.0	0.0	7.0	5.0	0.0	1.0	1.0	0.0	19.0	0.0	0.0
OTU737	12.0	4.0	463.0	12.0	3.0	1.0	28.0	177.0	22.0	15.0	0.0	3.0
OTU738	0.0	0.0	3.0	1.0	2.0	1.0	0.0	0.0	0.0	0.0	0.0	0.0
OTU739	12.0	9.0	2.0	2.0	7.0	6.0	1.0	6.0	1.0	5.0	1.0	15.0
OTU74	3.0	0.0	0.0	0.0	5.0	1.0	0.0	4.0	0.0	2.0	0.0	0.0
OTU740	0.0	1.0	0.0	1.0	0.0	0.0	2.0	0.0	0.0	1.0	0.0	0.0
OTU741	0.0	1.0	0.0	0.0	0.0	0.0	0.0	0.0	0.0	0.0	0.0	3.0
OTU742	6.0	39.0	7.0	38.0	7.0	130.0	24.0	92.0	17.0	18.0	5.0	121.0
OTU743	1.0	1.0	1.0	0.0	1.0	0.0	0.0	0.0	6.0	1.0	2.0	0.0
OTU744	1.0	1.0	61.0	35.0	28.0	138.0	179.0	151.0	0.0	62.0	0.0	3860.0
OTU745	0.0	1.0	1.0	0.0	1.0	1.0	2.0	0.0	0.0	1.0	0.0	8.0
OTU746	2.0	30.0	8.0	6.0	0.0	13.0	21.0	126.0	9.0	13.0	0.0	31.0
OTU747	0.0	1.0	4.0	1.0	0.0	0.0	6.0	0.0	0.0	0.0	0.0	0.0
OTU748	0.0	3.0	0.0	0.0	0.0	0.0	0.0	0.0	0.0	0.0	0.0	0.0
OTU749	1.0	2.0	0.0	9.0	0.0	105.0	53.0	1.0	0.0	31.0	0.0	9.0
OTU75	2.0	9.0	0.0	0.0	0.0	1.0	0.0	0.0	0.0	0.0	0.0	9.0
OTU750	0.0	0.0	2.0	0.0	1.0	0.0	0.0	0.0	0.0	0.0	0.0	0.0
OTU751	0.0	0.0	0.0	0.0	0.0	0.0	0.0	0.0	0.0	16.0	0.0	0.0
OTU752	2.0	1.0	0.0	1.0	0.0	2.0	0.0	0.0	2.0	0.0	0.0	1.0
OTU753	0.0	0.0	0.0	0.0	0.0	0.0	0.0	0.0	0.0	0.0	0.0	11.0
OTU754	0.0	0.0	6.0	0.0	0.0	0.0	0.0	1.0	1.0	2.0	0.0	0.0
OTU755	0.0	2.0	0.0	0.0	0.0	0.0	0.0	0.0	0.0	0.0	0.0	0.0
OTU756	1.0	0.0	1.0	0.0	0.0	0.0	1.0	0.0	0.0	0.0	0.0	0.0
OTU757	0.0	0.0	0.0	0.0	0.0	0.0	0.0	0.0	0.0	0.0	0.0	22.0
OTU758	0.0	0.0	0.0	1.0	0.0	0.0	0.0	1.0	0.0	0.0	0.0	3.0
OTU759	0.0	0.0	0.0	1.0	0.0	0.0	1.0	0.0	1.0	0.0	0.0	6.0
OTU76	0.0	0.0	0.0	3.0	0.0	5.0	27.0	1.0	0.0	0.0	0.0	0.0
OTU760	0.0	0.0	11.0	0.0	0.0	0.0	0.0	1.0	0.0	2.0	0.0	0.0
OTU761	0.0	0.0	0.0	0.0	0.0	1.0	0.0	8.0	0.0	0.0	0.0	2.0
OTU762	0.0	0.0	0.0	0.0	0.0	0.0	0.0	1.0	0.0	0.0	0.0	4.0
OTU763	0.0	0.0	1.0	0.0	1.0	0.0	5.0	1.0	0.0	0.0	0.0	3.0
OTU764	0.0	0.0	0.0	0.0	0.0	1.0	2.0	1.0	2.0	1.0	3.0	3.0
OTU765	36.0	58.0	0.0	0.0	0.0	0.0	0.0	0.0	0.0	3.0	0.0	0.0
OTU766	0.0	1.0	9.0	25.0	12.0	11.0	3.0	2.0	1.0	1.0	0.0	3.0
OTU767	0.0	1.0	2.0	5.0	0.0	3.0	0.0	1.0	0.0	1.0	0.0	3.0
OTU768	0.0	0.0	0.0	0.0	0.0	0.0	0.0	5.0	1.0	0.0	0.0	0.0
OTU769	0.0	1.0	0.0	1.0	0.0	0.0	0.0	0.0	0.0	2.0	0.0	0.0
OTU77	0.0	19.0	0.0	1.0	0.0	0.0	22.0	0.0	1.0	11.0	0.0	0.0
OTU770	1.0	4.0	5.0	0.0	1.0	4.0	0.0	1.0	0.0	0.0	0.0	0.0
OTU771	12.0	0.0	1.0	0.0	2.0	0.0	2.0	0.0	2.0	0.0	0.0	25.0
OTU772	0.0	0.0	0.0	0.0	0.0	0.0	3.0	4.0	1.0	0.0	0.0	3.0
OTU773	0.0	0.0	4.0	0.0	6.0	0.0	0.0	1.0	1.0	0.0	0.0	14.0
OTU774	0.0	2.0	88.0	0.0	34.0	0.0	0.0	0.0	31.0	0.0	0.0	0.0
OTU775	12.0	5.0	14.0	23.0	35.0	21.0	6.0	33.0	26.0	27.0	30.0	5.0
OTU776	3.0	3.0	0.0	0.0	0.0	0.0	7.0	0.0	0.0	0.0	0.0	0.0
OTU777	21.0	4.0	0.0	8.0	7.0	2.0	0.0	6.0	0.0	6.0	0.0	0.0
OTU778	0.0	0.0	0.0	22.0	15.0	16.0	3.0	7.0	0.0	0.0	0.0	33.0
OTU779	0.0	0.0	0.0	0.0	0.0	1.0	0.0	1.0	0.0	1.0	0.0	3.0
OTU78	23.0	33.0	11.0	7.0	9.0	37.0	18.0	3.0	4.0	9.0	4.0	87.0
OTU780	2.0	2.0	4.0	5.0	4.0	16.0	14.0	3.0	0.0	31.0	0.0	341.0
OTU781	22.0	2.0	12.0	5.0	5.0	5.0	2.0	7.0	18.0	12.0	11.0	8.0
OTU782	0.0	0.0	0.0	0.0	1.0	0.0	0.0	0.0	5.0	3.0	0.0	0.0
OTU783	0.0	0.0	1.0	1.0	0.0	0.0	1.0	0.0	1.0	0.0	0.0	4.0
OTU784	0.0	0.0	0.0	1.0	3.0	0.0	0.0	0.0	0.0	0.0	0.0	2.0
OTU785	0.0	2.0	0.0	0.0	6.0	0.0	0.0	1.0	1.0	0.0	1.0	6.0
OTU786	0.0	2.0	0.0	1.0	0.0	2.0	5.0	0.0	0.0	0.0	0.0	0.0
OTU787	0.0	1.0	2.0	2.0	1.0	3.0	0.0	0.0	0.0	0.0	0.0	2.0
OTU788	1.0	1.0	0.0	0.0	0.0	0.0	0.0	0.0	0.0	1.0	3.0	10.0
OTU789	0.0	0.0	0.0	31.0	1.0	0.0	0.0	0.0	0.0	0.0	0.0	0.0
OTU79	0.0	0.0	0.0	0.0	0.0	2.0	0.0	0.0	0.0	0.0	0.0	4.0
OTU790	2.0	0.0	0.0	0.0	0.0	1.0	1.0	0.0	1.0	0.0	0.0	3.0
OTU791	0.0	3.0	1.0	5.0	0.0	3.0	3.0	2.0	1.0	2.0	0.0	8.0
OTU792	0.0	0.0	3.0	0.0	0.0	1.0	0.0	0.0	0.0	0.0	0.0	2.0
OTU793	0.0	1.0	1.0	0.0	0.0	0.0	0.0	0.0	0.0	0.0	0.0	0.0
OTU794	0.0	0.0	0.0	0.0	0.0	0.0	3.0	0.0	0.0	0.0	0.0	0.0
OTU795	0.0	0.0	0.0	4.0	1.0	0.0	3.0	0.0	0.0	0.0	1.0	0.0
OTU796	0.0	1.0	0.0	1.0	1.0	2.0	14.0	0.0	0.0	1.0	0.0	1.0
OTU797	0.0	0.0	63.0	60.0	29.0	43.0	72.0	68.0	11.0	15.0	2.0	12.0
OTU798	0.0	0.0	0.0	1.0	0.0	2.0	0.0	0.0	0.0	0.0	0.0	2.0
OTU799	2.0	11.0	0.0	0.0	0.0	4.0	7.0	0.0	1.0	0.0	0.0	4.0
OTU8	1.0	0.0	0.0	0.0	0.0	1.0	0.0	0.0	0.0	0.0	0.0	0.0
OTU80	0.0	0.0	0.0	0.0	0.0	0.0	1.0	3.0	0.0	0.0	1.0	0.0
OTU800	0.0	0.0	0.0	0.0	0.0	0.0	1.0	0.0	0.0	0.0	0.0	1.0
OTU801	0.0	0.0	0.0	0.0	0.0	1.0	1.0	0.0	0.0	2.0	0.0	0.0
OTU802	0.0	1.0	0.0	0.0	0.0	0.0	0.0	0.0	0.0	0.0	0.0	1.0
OTU803	0.0	4.0	4.0	0.0	1.0	0.0	0.0	10.0	2.0	1.0	0.0	0.0
OTU804	0.0	0.0	2.0	1.0	0.0	23.0	4.0	0.0	0.0	12.0	0.0	19.0
OTU805	0.0	0.0	0.0	0.0	0.0	2.0	0.0	0.0	0.0	0.0	0.0	0.0
OTU806	16.0	4.0	135.0	3.0	9.0	13.0	4.0	0.0	12.0	8.0	5.0	8.0
OTU807	0.0	0.0	0.0	1.0	2.0	0.0	1.0	1.0	0.0	1.0	1.0	3.0
OTU808	0.0	0.0	1.0	0.0	2.0	0.0	4.0	0.0	0.0	1.0	1.0	0.0
OTU809	2.0	20.0	1.0	0.0	0.0	0.0	0.0	0.0	0.0	0.0	0.0	0.0
OTU81	0.0	0.0	2.0	3.0	1.0	0.0	0.0	0.0	0.0	0.0	0.0	0.0
OTU810	301.0	380.0	87.0	55.0	136.0	23.0	9.0	126.0	1257.0	25.0	10.0	219.0
OTU811	3.0	0.0	11.0	2.0	0.0	0.0	0.0	0.0	0.0	10.0	0.0	2.0
OTU812	0.0	0.0	0.0	1.0	1.0	0.0	1.0	0.0	0.0	0.0	0.0	0.0
OTU813	0.0	1.0	0.0	0.0	0.0	0.0	0.0	0.0	0.0	0.0	0.0	1.0
OTU814	0.0	0.0	1.0	0.0	0.0	1.0	0.0	0.0	0.0	2.0	0.0	17.0
OTU815	2.0	1.0	0.0	2.0	1.0	2.0	5.0	1.0	1.0	1.0	0.0	2.0
OTU816	1.0	0.0	0.0	0.0	0.0	0.0	0.0	1.0	0.0	0.0	0.0	0.0
OTU817	0.0	2.0	7.0	2.0	0.0	0.0	0.0	0.0	0.0	3.0	1.0	1.0
OTU818	22.0	5.0	22.0	9.0	59.0	4.0	6.0	3.0	6.0	6.0	2.0	0.0
OTU819	0.0	0.0	2.0	0.0	1.0	0.0	3.0	0.0	0.0	0.0	0.0	0.0
OTU82	0.0	1.0	0.0	1.0	3.0	19.0	72.0	5.0	1.0	21.0	0.0	39.0
OTU820	0.0	0.0	5.0	0.0	0.0	2.0	0.0	2.0	0.0	6.0	0.0	0.0
OTU821	0.0	0.0	0.0	0.0	0.0	1.0	0.0	0.0	0.0	2.0	0.0	3.0
OTU822	0.0	0.0	0.0	0.0	4.0	0.0	15.0	1.0	1.0	0.0	0.0	0.0
OTU823	0.0	0.0	0.0	2.0	2.0	2.0	0.0	0.0	0.0	0.0	0.0	0.0
OTU824	4.0	20.0	7.0	5.0	42.0	0.0	0.0	0.0	0.0	0.0	0.0	0.0
OTU825	4.0	10.0	0.0	6.0	0.0	1.0	22.0	1.0	0.0	1.0	0.0	23.0
OTU826	0.0	1.0	1.0	0.0	1.0	0.0	4.0	0.0	0.0	0.0	0.0	4.0
OTU827	0.0	0.0	0.0	0.0	0.0	0.0	0.0	0.0	0.0	0.0	0.0	2.0
OTU828	0.0	0.0	0.0	2.0	14.0	49.0	0.0	0.0	0.0	0.0	0.0	26.0
OTU829	1.0	0.0	0.0	0.0	0.0	0.0	0.0	0.0	0.0	0.0	0.0	1.0
OTU83	0.0	0.0	2.0	1.0	3.0	0.0	0.0	0.0	0.0	0.0	0.0	0.0
OTU830	0.0	0.0	0.0	0.0	0.0	0.0	1.0	0.0	0.0	1.0	0.0	0.0
OTU831	2.0	3.0	5.0	0.0	3.0	0.0	2.0	3.0	2.0	17.0	0.0	0.0
OTU832	0.0	0.0	14.0	0.0	0.0	0.0	6.0	0.0	0.0	0.0	0.0	12.0
OTU833	1.0	3.0	0.0	0.0	0.0	0.0	0.0	0.0	0.0	0.0	0.0	0.0
OTU834	0.0	0.0	8.0	1.0	0.0	2.0	1.0	0.0	0.0	2.0	0.0	1.0
OTU835	0.0	0.0	1.0	1.0	0.0	1.0	0.0	0.0	0.0	0.0	0.0	2.0
OTU836	0.0	1.0	1.0	2.0	0.0	4.0	0.0	0.0	0.0	0.0	0.0	0.0
OTU837	0.0	0.0	0.0	0.0	0.0	0.0	0.0	0.0	0.0	0.0	0.0	9.0
OTU838	0.0	0.0	0.0	1.0	49.0	0.0	0.0	0.0	0.0	0.0	0.0	0.0
OTU839	3.0	13.0	12.0	15.0	7.0	7.0	27.0	7.0	20.0	15.0	10.0	19.0
OTU84	0.0	4.0	5.0	6.0	5.0	2.0	5.0	2.0	6.0	7.0	2.0	21.0
OTU840	0.0	0.0	0.0	1.0	0.0	1.0	12.0	0.0	0.0	0.0	0.0	36.0
OTU841	0.0	0.0	0.0	0.0	1.0	0.0	0.0	1.0	1.0	0.0	0.0	3.0
OTU842	180.0	343.0	0.0	0.0	109.0	21.0	0.0	2.0	17.0	0.0	0.0	0.0
OTU843	0.0	0.0	0.0	0.0	0.0	0.0	1.0	0.0	0.0	0.0	0.0	24.0
OTU844	1.0	1.0	0.0	3.0	0.0	2.0	1.0	1.0	0.0	2.0	0.0	3.0
OTU845	0.0	1.0	1.0	0.0	0.0	0.0	1.0	0.0	2.0	1.0	0.0	2.0
OTU846	7.0	2.0	17.0	4.0	4.0	0.0	1.0	3.0	5.0	9.0	0.0	4.0
OTU847	4.0	2.0	1.0	0.0	44.0	0.0	0.0	0.0	0.0	0.0	0.0	0.0
OTU848	1.0	0.0	0.0	0.0	1.0	1.0	2.0	0.0	2.0	0.0	0.0	15.0
OTU849	31.0	48.0	0.0	0.0	1.0	47.0	7.0	0.0	28.0	0.0	1.0	0.0
OTU85	18.0	3.0	2.0	1.0	14.0	6.0	4.0	0.0	3.0	10.0	2.0	1.0
OTU850	60.0	6.0	28.0	29.0	35.0	3.0	15.0	74.0	30.0	0.0	0.0	5.0
OTU851	0.0	1.0	11.0	3.0	0.0	5.0	3.0	0.0	0.0	0.0	0.0	1.0
OTU852	2.0	1.0	14.0	10.0	1.0	4.0	2.0	1.0	0.0	0.0	0.0	12.0
OTU853	0.0	0.0	0.0	0.0	2.0	0.0	0.0	0.0	0.0	0.0	0.0	29.0
OTU854	0.0	1.0	1.0	0.0	0.0	0.0	1.0	0.0	2.0	0.0	0.0	0.0
OTU855	0.0	0.0	2.0	0.0	1.0	0.0	1.0	0.0	0.0	0.0	0.0	0.0
OTU856	8.0	1.0	1.0	13.0	19.0	9.0	7.0	0.0	0.0	7.0	0.0	0.0
OTU857	0.0	0.0	0.0	0.0	0.0	1.0	0.0	1.0	0.0	0.0	0.0	0.0
OTU858	20.0	90.0	25.0	24.0	1.0	50.0	21.0	26.0	17.0	5.0	0.0	78.0
OTU859	2.0	3.0	0.0	0.0	0.0	0.0	0.0	0.0	0.0	0.0	0.0	0.0
OTU86	1.0	0.0	2.0	0.0	0.0	0.0	1.0	1.0	0.0	0.0	0.0	17.0
OTU860	0.0	0.0	0.0	3.0	0.0	0.0	1.0	0.0	1.0	0.0	0.0	0.0
OTU861	52.0	64.0	1.0	32.0	1.0	51.0	38.0	48.0	62.0	30.0	17.0	102.0
OTU862	0.0	0.0	0.0	0.0	3.0	1.0	1.0	0.0	0.0	0.0	0.0	8.0
OTU863	0.0	1.0	0.0	0.0	0.0	1.0	0.0	0.0	0.0	0.0	0.0	2.0
OTU864	12.0	0.0	47.0	1.0	5.0	2.0	26.0	16.0	3.0	8.0	1.0	2.0
OTU865	0.0	0.0	0.0	0.0	0.0	4.0	8.0	2.0	1.0	0.0	0.0	18.0
OTU866	0.0	0.0	1.0	0.0	0.0	0.0	0.0	0.0	1.0	0.0	0.0	0.0
OTU867	2.0	4.0	0.0	1.0	3.0	0.0	4.0	0.0	1.0	0.0	0.0	0.0
OTU868	0.0	0.0	2.0	2.0	0.0	1.0	0.0	2.0	0.0	0.0	0.0	4.0
OTU869	1.0	0.0	94.0	0.0	0.0	1.0	0.0	1.0	0.0	37.0	0.0	42.0
OTU87	0.0	0.0	0.0	0.0	0.0	2.0	6.0	0.0	0.0	1.0	0.0	0.0
OTU870	0.0	0.0	0.0	3.0	0.0	1.0	2.0	6.0	0.0	1.0	0.0	1.0
OTU871	0.0	0.0	0.0	0.0	2.0	0.0	0.0	0.0	3.0	0.0	0.0	0.0
OTU872	24.0	3.0	5.0	107.0	27.0	12.0	10.0	16.0	5.0	2.0	0.0	10.0
OTU873	0.0	19.0	0.0	0.0	0.0	0.0	1.0	10.0	0.0	1.0	0.0	0.0
OTU874	0.0	0.0	0.0	2.0	1.0	8.0	2.0	0.0	2.0	0.0	0.0	1.0
OTU875	4.0	1.0	0.0	0.0	1.0	0.0	0.0	2.0	2.0	1.0	2.0	1.0
OTU876	10.0	46.0	8.0	16.0	2.0	44.0	23.0	19.0	20.0	22.0	9.0	56.0
OTU877	26.0	91.0	15.0	23.0	2.0	49.0	22.0	28.0	14.0	2.0	0.0	74.0
OTU878	0.0	2.0	0.0	0.0	0.0	2.0	2.0	1.0	0.0	0.0	0.0	1.0
OTU879	13.0	1.0	11.0	6.0	48.0	17.0	47.0	7.0	2.0	1.0	0.0	17.0
OTU88	18.0	2.0	7.0	6.0	5.0	0.0	0.0	0.0	3.0	3.0	3.0	4.0
OTU880	0.0	1.0	0.0	5.0	2.0	5.0	4.0	1.0	1.0	1.0	1.0	46.0
OTU881	9.0	8.0	0.0	7.0	1.0	10.0	3.0	370.0	60.0	22.0	0.0	8.0
OTU882	0.0	0.0	1.0	1.0	0.0	0.0	1.0	0.0	0.0	0.0	0.0	2.0
OTU883	2.0	0.0	2.0	8.0	0.0	0.0	11.0	6.0	2.0	0.0	3.0	0.0
OTU884	14.0	0.0	0.0	0.0	0.0	0.0	0.0	0.0	0.0	0.0	0.0	0.0
OTU885	1.0	0.0	2.0	0.0	0.0	0.0	0.0	0.0	0.0	1.0	0.0	0.0
OTU886	3.0	2.0	1.0	1.0	0.0	0.0	0.0	1.0	4.0	1.0	1.0	0.0
OTU887	0.0	0.0	7.0	19.0	0.0	1.0	5.0	2.0	2.0	0.0	0.0	1.0
OTU888	0.0	0.0	81.0	0.0	3.0	0.0	2.0	0.0	1.0	3.0	0.0	55.0
OTU889	93.0	347.0	16.0	92.0	26.0	214.0	48.0	1010.0	1192.0	303.0	21.0	109.0
OTU89	7.0	27.0	0.0	2.0	16.0	1.0	1.0	5.0	6.0	7.0	0.0	1.0
OTU890	0.0	0.0	0.0	0.0	0.0	0.0	0.0	3.0	1.0	0.0	0.0	0.0
OTU891	0.0	0.0	0.0	2.0	0.0	0.0	1.0	39.0	27.0	0.0	0.0	0.0
OTU892	2.0	16.0	2.0	2.0	1.0	5.0	5.0	51.0	1.0	3.0	0.0	8.0
OTU893	3.0	2.0	1.0	0.0	3.0	1.0	1.0	2.0	1.0	1.0	3.0	0.0
OTU894	56.0	70.0	12.0	41.0	79.0	3.0	12.0	13.0	40.0	9.0	38.0	28.0
OTU895	5.0	1.0	23.0	13.0	29.0	3.0	6.0	9.0	4.0	11.0	1.0	7.0
OTU896	0.0	0.0	0.0	2.0	0.0	2.0	0.0	0.0	0.0	0.0	0.0	0.0
OTU897	83.0	56.0	107.0	85.0	37.0	21.0	16.0	19.0	9.0	74.0	3.0	0.0
OTU898	8.0	5.0	1.0	1.0	6.0	3.0	5.0	4.0	79.0	2.0	19.0	2.0
OTU899	0.0	0.0	0.0	2.0	0.0	0.0	121.0	22.0	2.0	0.0	0.0	426.0
OTU9	0.0	1.0	0.0	3.0	2.0	0.0	0.0	2.0	0.0	0.0	1.0	2.0
OTU90	0.0	0.0	6.0	1.0	8.0	0.0	0.0	0.0	0.0	1.0	0.0	0.0
OTU900	377.0	412.0	21.0	0.0	0.0	0.0	24.0	0.0	0.0	4.0	0.0	1854.0
OTU901	0.0	0.0	0.0	0.0	2.0	0.0	0.0	0.0	1.0	0.0	0.0	5.0
OTU902	2.0	1.0	0.0	0.0	1.0	6.0	0.0	0.0	0.0	0.0	0.0	4.0
OTU903	6.0	1.0	0.0	0.0	0.0	4.0	1.0	2.0	0.0	0.0	0.0	0.0
OTU904	314.0	376.0	171.0	79.0	119.0	111.0	186.0	337.0	339.0	248.0	245.0	435.0
OTU905	29.0	0.0	0.0	5.0	27.0	2.0	4.0	0.0	0.0	0.0	1.0	4.0
OTU906	5.0	0.0	0.0	0.0	0.0	0.0	0.0	1.0	0.0	1.0	0.0	0.0
OTU907	0.0	0.0	0.0	0.0	0.0	0.0	0.0	0.0	2.0	0.0	0.0	0.0
OTU908	0.0	0.0	2.0	0.0	0.0	0.0	0.0	0.0	0.0	0.0	0.0	1.0
OTU909	0.0	2.0	0.0	1.0	0.0	0.0	0.0	1.0	1.0	0.0	0.0	2.0
OTU91	2.0	1.0	3.0	0.0	0.0	1.0	0.0	0.0	0.0	1.0	0.0	41.0
OTU910	3.0	1.0	7.0	1.0	0.0	0.0	0.0	0.0	0.0	0.0	0.0	0.0
OTU911	0.0	3.0	3.0	0.0	1.0	1.0	2.0	0.0	4.0	0.0	1.0	0.0
OTU912	0.0	0.0	3.0	15.0	0.0	5.0	0.0	0.0	0.0	0.0	0.0	112.0
OTU913	0.0	0.0	0.0	0.0	0.0	0.0	3.0	0.0	1.0	0.0	0.0	4.0
OTU914	1.0	4.0	9.0	3.0	1.0	3.0	10.0	3.0	3.0	1.0	0.0	19.0
OTU915	4.0	2.0	3.0	0.0	1.0	3.0	2.0	0.0	1.0	2.0	2.0	3.0
OTU916	32.0	3.0	11.0	8.0	10.0	5.0	3.0	10.0	20.0	15.0	14.0	15.0
OTU917	0.0	0.0	0.0	0.0	2.0	0.0	1.0	0.0	0.0	0.0	0.0	11.0
OTU918	2.0	0.0	0.0	103.0	15.0	546.0	0.0	0.0	0.0	0.0	0.0	81.0
OTU919	3.0	9.0	0.0	1.0	0.0	3.0	3.0	0.0	0.0	0.0	0.0	8.0
OTU92	3.0	1.0	137.0	5.0	0.0	2.0	0.0	0.0	0.0	2.0	0.0	5.0
OTU920	0.0	2.0	0.0	0.0	0.0	0.0	0.0	0.0	0.0	0.0	0.0	0.0
OTU921	0.0	1.0	0.0	4.0	1.0	1.0	1.0	0.0	0.0	0.0	0.0	3.0
OTU922	4.0	17.0	1.0	2.0	6.0	12.0	5.0	8.0	2.0	1.0	0.0	33.0
OTU923	0.0	3.0	0.0	0.0	0.0	0.0	0.0	0.0	0.0	0.0	1.0	2.0
OTU924	0.0	0.0	0.0	0.0	0.0	0.0	1.0	0.0	0.0	1.0	0.0	0.0
OTU925	26.0	10.0	2.0	60.0	17.0	34.0	24.0	16.0	8.0	26.0	0.0	342.0
OTU926	0.0	0.0	0.0	0.0	2.0	0.0	24.0	2.0	0.0	0.0	0.0	0.0
OTU927	0.0	0.0	0.0	1.0	0.0	0.0	2.0	1.0	0.0	0.0	0.0	1.0
OTU928	0.0	0.0	0.0	0.0	0.0	0.0	31.0	0.0	0.0	0.0	0.0	0.0
OTU929	95.0	10.0	123.0	45.0	629.0	102.0	26.0	3.0	11.0	9.0	11.0	23.0
OTU93	0.0	1.0	4.0	0.0	4.0	3.0	7.0	0.0	2.0	0.0	0.0	4.0
OTU930	5.0	7.0	2.0	2.0	1.0	16.0	0.0	17.0	2.0	4.0	2.0	7.0
OTU931	0.0	1.0	6.0	0.0	0.0	0.0	0.0	0.0	0.0	0.0	0.0	1.0
OTU932	0.0	0.0	1.0	0.0	0.0	0.0	1.0	1.0	0.0	0.0	0.0	19.0
OTU933	152.0	214.0	31.0	105.0	33.0	42.0	103.0	120.0	153.0	53.0	127.0	190.0
OTU934	1.0	1.0	6.0	0.0	2.0	2.0	0.0	2.0	1.0	0.0	0.0	9.0
OTU935	0.0	0.0	0.0	1.0	0.0	0.0	1.0	0.0	0.0	0.0	0.0	0.0
OTU936	11.0	22.0	22.0	39.0	8.0	10.0	512.0	1.0	2.0	2.0	0.0	86.0
OTU937	0.0	0.0	7.0	1.0	4.0	0.0	6.0	0.0	0.0	1.0	0.0	8.0
OTU938	5.0	5.0	18.0	6.0	10.0	2.0	3.0	1.0	7.0	9.0	4.0	0.0
OTU939	5.0	2.0	3.0	8.0	16.0	1.0	151.0	2.0	100.0	0.0	0.0	0.0
OTU94	18.0	4.0	8.0	2.0	0.0	3.0	0.0	8.0	0.0	5.0	0.0	1.0
OTU940	0.0	0.0	0.0	0.0	5.0	0.0	0.0	0.0	0.0	0.0	0.0	0.0
OTU941	0.0	0.0	0.0	0.0	1.0	0.0	3.0	8.0	1.0	0.0	0.0	0.0
OTU942	0.0	0.0	3.0	0.0	0.0	2.0	0.0	1.0	2.0	7.0	0.0	0.0
OTU943	1.0	3.0	7.0	2.0	0.0	1.0	1.0	7.0	1.0	0.0	1.0	4.0
OTU944	2.0	0.0	0.0	1.0	0.0	0.0	0.0	0.0	1.0	2.0	2.0	0.0
OTU945	0.0	0.0	0.0	0.0	0.0	1.0	0.0	1.0	0.0	0.0	0.0	3.0
OTU946	9.0	5.0	4.0	0.0	0.0	1.0	12.0	0.0	3.0	0.0	0.0	0.0
OTU947	2.0	0.0	0.0	2.0	0.0	5.0	0.0	0.0	0.0	0.0	0.0	7.0
OTU948	9.0	2.0	0.0	0.0	0.0	0.0	0.0	5.0	3.0	0.0	0.0	0.0
OTU949	1.0	3.0	3.0	25.0	3.0	4.0	2.0	7.0	4.0	1.0	0.0	13.0
OTU95	5.0	3.0	19.0	2.0	15.0	2.0	7.0	38.0	25.0	0.0	0.0	5.0
OTU950	1.0	0.0	1.0	0.0	3.0	4.0	1.0	1.0	0.0	1.0	0.0	38.0
OTU951	0.0	2.0	0.0	0.0	0.0	0.0	1.0	0.0	1.0	0.0	0.0	0.0
OTU952	45.0	27.0	52.0	13.0	49.0	7.0	10.0	6.0	24.0	28.0	9.0	3.0
OTU953	0.0	0.0	0.0	0.0	0.0	1.0	0.0	0.0	1.0	0.0	1.0	7.0
OTU954	6.0	1.0	3.0	6.0	4.0	1.0	14.0	0.0	1.0	0.0	2.0	0.0
OTU955	3.0	0.0	11.0	3.0	6.0	0.0	0.0	1.0	5.0	0.0	2.0	1.0
OTU956	35.0	133.0	62.0	0.0	32.0	407.0	348.0	0.0	0.0	2.0	2.0	28.0
OTU957	0.0	0.0	0.0	0.0	0.0	0.0	1.0	0.0	1.0	0.0	0.0	0.0
OTU958	7.0	0.0	0.0	0.0	0.0	0.0	0.0	137.0	2.0	0.0	0.0	40.0
OTU959	15.0	0.0	3.0	5.0	6.0	6.0	10.0	8.0	1.0	7.0	0.0	9.0
OTU96	0.0	1.0	0.0	1.0	0.0	0.0	3.0	1.0	1.0	1.0	0.0	0.0
OTU960	2.0	5.0	0.0	2.0	0.0	0.0	0.0	0.0	0.0	0.0	0.0	0.0
OTU961	0.0	1.0	1.0	1.0	1.0	0.0	0.0	0.0	0.0	1.0	0.0	0.0
OTU962	1.0	0.0	2.0	0.0	2.0	1.0	0.0	0.0	0.0	0.0	0.0	1.0
OTU963	1.0	0.0	7.0	4.0	109.0	12.0	12.0	0.0	0.0	0.0	0.0	0.0
OTU964	8.0	4.0	0.0	81.0	3.0	0.0	6.0	3.0	1.0	127.0	0.0	19.0
OTU965	0.0	0.0	4.0	1.0	1.0	1.0	6.0	1.0	0.0	0.0	0.0	0.0
OTU966	7.0	100.0	0.0	13.0	6.0	100.0	242.0	45.0	62.0	21.0	16.0	32.0
OTU967	0.0	0.0	0.0	0.0	5.0	3.0	0.0	0.0	0.0	0.0	0.0	3.0
OTU968	0.0	2.0	0.0	0.0	0.0	0.0	0.0	6.0	1.0	0.0	0.0	0.0
OTU969	1.0	1.0	0.0	0.0	1.0	0.0	0.0	1.0	0.0	0.0	0.0	1.0
OTU97	0.0	1.0	0.0	0.0	0.0	0.0	2.0	0.0	2.0	0.0	0.0	9.0
OTU970	6.0	195.0	3.0	7.0	1.0	16.0	15.0	122.0	7.0	25.0	3.0	65.0
OTU971	0.0	0.0	0.0	0.0	0.0	0.0	0.0	0.0	0.0	0.0	0.0	3.0
OTU972	1.0	0.0	0.0	0.0	0.0	1.0	0.0	0.0	0.0	0.0	0.0	2.0
OTU973	6.0	3.0	3.0	5.0	3.0	3.0	1.0	0.0	0.0	1.0	1.0	0.0
OTU974	1.0	0.0	0.0	3.0	0.0	1.0	0.0	1.0	0.0	0.0	5.0	0.0
OTU975	0.0	0.0	0.0	0.0	2.0	2.0	0.0	0.0	0.0	0.0	0.0	0.0
OTU976	2.0	2.0	2.0	0.0	0.0	0.0	0.0	2.0	1.0	1.0	0.0	2.0
OTU977	0.0	5.0	0.0	0.0	0.0	0.0	1.0	1.0	3.0	0.0	0.0	2.0
OTU978	2.0	1.0	2.0	3.0	6.0	0.0	0.0	0.0	0.0	1.0	0.0	0.0
OTU979	28.0	1.0	5.0	6.0	13.0	13.0	0.0	3.0	4.0	24.0	1.0	0.0
OTU98	0.0	1.0	0.0	0.0	0.0	0.0	0.0	0.0	0.0	2.0	1.0	0.0
OTU980	0.0	0.0	0.0	0.0	1.0	0.0	0.0	0.0	0.0	0.0	0.0	1.0
OTU981	17.0	0.0	80.0	2.0	3.0	2.0	5.0	11.0	25.0	8.0	0.0	2.0
OTU982	1.0	1.0	0.0	0.0	0.0	1.0	0.0	0.0	1.0	1.0	0.0	0.0
OTU983	31.0	69.0	2.0	0.0	1.0	7.0	0.0	131.0	3.0	20.0	2.0	23.0
OTU984	1.0	2.0	0.0	2.0	2.0	4.0	16.0	5.0	6.0	1.0	0.0	11.0
OTU985	2.0	0.0	0.0	0.0	0.0	0.0	0.0	0.0	1.0	0.0	0.0	0.0
OTU986	0.0	0.0	1.0	3.0	0.0	0.0	1.0	2.0	0.0	1.0	0.0	0.0
OTU987	0.0	0.0	0.0	1.0	1.0	1.0	2.0	0.0	2.0	1.0	1.0	1.0
OTU988	3.0	1.0	2.0	1.0	0.0	2.0	1.0	0.0	4.0	6.0	1.0	2.0
OTU989	0.0	0.0	1.0	0.0	0.0	1.0	0.0	0.0	0.0	0.0	0.0	1.0
OTU99	0.0	0.0	0.0	11.0	0.0	0.0	0.0	2.0	0.0	0.0	0.0	0.0
OTU990	4.0	15.0	0.0	0.0	2.0	6.0	33.0	1.0	2.0	0.0	0.0	6.0
OTU991	0.0	0.0	4.0	2.0	0.0	0.0	6.0	0.0	2.0	1.0	0.0	6.0
OTU992	0.0	0.0	4.0	0.0	0.0	11.0	14.0	4.0	0.0	1.0	0.0	146.0
OTU993	1.0	0.0	1.0	0.0	0.0	0.0	0.0	0.0	0.0	0.0	0.0	4.0
OTU994	0.0	0.0	1.0	2.0	1.0	5.0	1.0	0.0	0.0	0.0	0.0	0.0
OTU995	12.0	2.0	1.0	0.0	2.0	1.0	3.0	0.0	0.0	1.0	1.0	0.0
OTU996	0.0	23.0	0.0	0.0	0.0	40.0	0.0	0.0	0.0	3.0	0.0	0.0
OTU997	0.0	0.0	0.0	0.0	0.0	1.0	0.0	0.0	1.0	0.0	0.0	2.0
OTU998	24.0	55.0	2.0	5.0	4.0	8.0	7.0	34.0	5.0	60.0	13.0	4.0
OTU999	0.0	0.0	0.0	9.0	0.0	0.0	0.0	1.0	0.0	1.0	0.0	0.0
